12
-5
10
3
9
-8
-7
5
-4
5
10
-6
-12
-18
9
17
-21
3
14
-5
-6
8
16
-5
7
6
-19
9
4
-3
10
3
8
-11
5
-2
10
7
-5
7
11
14
7
-2
5
7
1
-15
4
-6
10
-15
-25
-4
-14
5
9
4
-12
10
16
-1
-17
8
14
15
-10
18
-5
7
-9
7
-4
4
-9
-19
16
-16
-20
-2
13
-10
9
3
14
-4
16
5
0
4
8
3
-7
12
-6
2
-13
-9
-15
11
-4
8
-6
-2
9
5
12
-1
-6
8
0
-1
7
-4
-1
7
8
19
-11
10
-5
3
0
15
15
9
-2
-4
8
-1
17
-23
-16
8
-21
10
-3
0
-12
-10
-3
-7
5
4
12
-17
5
15
14
8
10
-20
-10
-17
18
-2
11
9
-1
2
14
2
-2
0
-6
5
-7
21
-2
-17
1
16
-3
6
-2
13
6
0
-1
-7
8
10
16
5
-15
10
-8
-1
7
-8
11
4
10
12
-11
4
5
-9
-12
-21
14
14
-6
16
-1
13
-13
4
6
1
-8
-11
-14
1
-5
12
16
15
-9
-9
6
-9
14
2
3
-1
18
13
-12
11
19
-1
11
19
11
-10
2
2
-9
-13
-12
3
-14
14
18
1
5
-14
-20
-12
16
12
-5
1
-10
-17
-8
-19
-2
3
-2
6
1
9
6
12
6
10
8
-4
3
14
6
-17
-8
-5
-2
-1
0
16
9
-5
-4
-7
-11
-11
-5
12
2
10
-18
6
-2
-29
-2
-7
-7
10
-21
-13
-7
1
8
9
-7
-13
8
-15
-20
11
-8
0
10
-10
0
-5
-20
10
-6
16
20
-2
6
5
12
-8
7
-17
0
-4
-16
2
-18
-1
-17
-7
10
8
-6
20
2
12
1
-5
9
-10
-8
-16
16
1
-12
-11
11
-7
-10
15
9
3
17
19
-6
2
5
20
8
4
14
7
6
13
14
-22
-11
1
-4
-2
16
-13
-10
11
2
2
-4
22
14
8
1
-9
-1
-7
-14
-22
-7
12
-3
5
-10
5
-2
-14
14
10
-1
-10
-19
10
4
-15
-14
-7
-2
-7
2
-6
2
-6
-1
17
10
-15
-7
19
-16
-4
3
0
8
8
-13
17
-4
10
2
7
-7
9
13
10
-7
9
-11
-24
-4
-22
3
-16
-11
-4
17
1
10
-20
-21
6
10
-7
1
-19
11
21
-12
-15
4
-5
8
-20
-16
11
12
-5
21
-6
3
-12
-7
-14
-13
1
-10
0
-5
-5
-14
7
10
5
-13
8
1
3
8
8
19
-14
-13
-11
0
0
25
-12
-18
7
-1
-12
-7
6
-19
-9
20
-2
-11
-3
22
-13
10
14
11
-1
-7
-16
-14
16
11
4
11
2
-14
-13
10
-5
-13
-9
8
-4
10
15
-1
3
-4
-12
-26
14
12
-9
19
-6
10
-5
-13
21
-4
0
-13
6
12
-4
6
16
22
-5
-9
20
9
-1
-5
-14
3
-1
-9
-20
-2
15
5
-4
19
-26
-19
-1
-21
15
-12
8
-15
1
0
6
11
-9
22
-9
16
-4
-14
-1
19
-7
-28
-11
-17
-13
9
-10
-11
-8
4
-10
-8
-11
-9
-15
11
3
15
13
-6
-4
13
6
-6
-5
-1
6
13
6
-10
12
15
-3
13
5
13
1
10
-12
-10
8
-3
-2
-10
2
-3
-13
10
2
12
-7
-2
8
11
6
11
13
-7
-3
-7
-10
2
3
17
11
13
-14
0
6
-2
4
-11
2
8
2
29
2
-6
10
-27
15
-7
-19
-5
2
-11
21
16
10
-21
9
26
18
-18
-7
22
12
6
-15
-33
15
-16
-26
5
1
8
21
-8
-16
-13
-13
4
7
12
-3
3
-11
14
-9
-10
8
9
1
-6
0
12
9
-2
11
5
-10
-6
-1
-15
11
1
4
7
-7
-1
-11
-2
-2
-8
-4
5
20
-4
-18
-4
10
3
5
16
-3
-13
-17
14
-22
14
16
5
-3
-11
-6
-18
-10
20
6
27
10
13
6
-18
-17
7
13
5
15
-14
3
2
-4
-18
1
0
-24
0
-9
9
-13
-5
3
-4
2
13
-1
-6
-12
12
5
0
21
22
13
9
-14
-9
5
16
-3
10
9
4
0
-3
15
-6
6
3
-10
9
10
-2
-3
2
6
5
-6
-13
-7
-1
3
31
5
-18
17
-15
-11
7
2
17
14
-17
-16
-7
-7
13
-2
5
12
17
-6
-2
-25
-13
-15
12
-9
4
-15
-12
5
-8
13
13
-9
-11
-3
-7
-13
-22
-11
17
7
1
7
7
-1
11
-11
2
8
10
-18
0
-11
-5
4
-13
4
4
-16
8
-4
-14
15
26
-26
-3
1
-4
9
19
-14
-13
20
-8
1
5
-19
-11
-18
-10
8
6
6
-5
-19
-9
4
5
9
14
-18
-17
-8
25
2
13
-4
21
-14
-1
16
-10
6
-5
-19
-3
-12
-1
8
1
-11
-8
9
7
-12
-14
5
2
-13
-22
5
-1
16
16
-5
-17
-5
-6
-7
-20
16
17
-11
11
9
4
15
-3
6
1
-12
-18
18
-2
-16
9
13
9
-23
10
5
5
12
4
-12
21
-8
-7
4
11
-15
4
12
3
9
4
-15
-5
-8
7
5
0
-8
6
4
-12
-10
15
-5
-16
14
-12
3
10
-13
6
4
-22
4
19
-11
4
-6
9
-28
-8
11
10
11
-11
8
-4
-5
-15
15
0
9
-9
13
-4
1
-6
-7
-1
-2
12
6
2
6
-2
-19
7
-20
-11
16
19
3
3
-8
2
0
2
20
-8
-5
-16
14
-2
3
-9
1
14
5
18
-23
18
-17
-19
-6
-21
-14
-2
2
-3
-2
20
-9
-6
7
-11
2
5
-7
-17
16
5
-20
-12
4
7
-21
-5
12
14
6
-7
-20
-14
-18
3
0
-3
1
-5
-6
6
19
26
-4
-17
-1
10
1
1
5
3
10
7
-13
-9
-16
7
-6
-1
8
-4
-10
6
8
-12
2
1
-11
-3
5
-12
0
-14
3
16
10
-6
2
3
-14
1
11
7
-15
-1
13
-12
1
-16
3
-13
15
8
-7
-9
-9
3
-2
-3
-9
13
-11
-19
4
19
-15
-17
5
3
-9
-8
-17
5
4
-15
17
15
16
-17
9
3
6
2
-10
19
4
9
-10
11
-21
3
-16
2
3
6
17
8
8
13
7
4
-10
-17
-22
-7
18
-2
9
-14
-2
8
-3
-13
-4
17
-12
12
1
-12
2
13
-8
5
1
-11
-21
-8
6
1
-6
32
-12
-10
-2
-18
4
6
15
-10
1
1
19
13
-19
-17
0
-2
-17
19
-16
-14
-16
0
-13
-13
8
10
-9
-6
16
8
-15
10
15
-17
3
12
-14
0
-10
8
-9
-20
14
-7
-12
15
7
0
12
10
5
-12
-11
9
3
-18
15
0
-27
-14
-8
-3
-11
10
1
10
-7
8
10
-11
-16
-14
2
-22
-6
-16
-13
7
14
-6
-3
-1
-15
16
-2
-10
15
-7
13
6
7
-1
12
20
8
-4
8
2
-9
-2
-3
-21
8
-6
-13
-5
-4
-8
-6
6
-9
-6
-9
2
-7
-7
11
-1
14
-15
13
4
18
11
-15
-1
14
-5
12
-19
-5
18
-20
15
-17
-5
-12
3
-19
4
-7
18
10
-19
-2
-3
-2
14
-5
-15
-11
4
0
-2
8
6
-12
-12
34
-9
-9
15
3
-5
14
10
2
1
0
9
7
12
0
-2
11
-6
0
3
-12
5
17
-11
-3
8
14
-13
5
-10
-7
-1
4
11
-13
3
-16
20
-13
7
-11
14
-14
9
8
5
12
-3
-3
18
6
7
16
2
4
33
12
-3
13
5
-15
5
15
-8
18
22
-10
-10
14
0
3
-2
16
6
-11
8
5
-2
6
2
-5
11
-7
-2
-10
-3
-3
10
1
5
-18
-3
2
14
-6
19
2
-29
4
-1
2
-11
-6
-19
-11
-14
-19
9
-12
-13
23
-6
2
-8
6
22
-15
-22
23
7
-1
-6
-12
-8
19
-2
-15
-15
13
2
5
11
14
-21
4
7
16
-1
-8
19
24
-14
-13
-25
10
1
-25
12
-9
2
-17
27
-25
7
-11
-1
-2
14
13
22
-8
6
21
-8
-16
5
-3
17
8
-22
15
-3
-21
9
-1
0
-11
2
10
-17
-11
7
9
14
3
9
13
4
16
9
-15
6
-9
-13
9
10
6
3
2
-13
-13
-7
1
13
-4
2
16
-12
11
1
-4
-10
5
15
8
4
-11
-5
11
4
15
12
-11
3
-9
-19
8
-18
10
9
-17
-14
10
-5
-2
-11
-2
11
0
-2
16
-7
8
-5
-11
11
-18
9
-8
-7
6
17
4
16
-23
-15
14
-10
-20
-4
16
5
4
6
-15
8
-1
22
2
-15
-6
-12
6
-1
1
-4
13
-7
-19
4
8
2
0
-11
-11
10
9
-8
10
-6
9
8
-8
10
11
6
3
1
-14
13
9
-17
-7
9
15
14
12
8
4
-13
5
5
-11
-16
12
-10
10
18
-3
6
8
-10
-25
-13
16
-14
20
-3
18
6
19
-9
-19
-8
22
-10
1
15
-11
-4
4
4
-2
-10
8
22
6
-10
-7
-22
-28
2
9
8
-2
19
-12
3
-2
15
-5
6
-8
-14
-16
-13
-11
2
4
15
3
-8
-16
16
7
10
11
11
11
14
0
3
-2
20
-6
-17
-14
-3
10
2
0
10
-14
8
-11
0
-5
-16
5
8
18
-1
-9
2
-7
20
4
-12
-4
6
-2
-7
2
-7
-16
8
4
0
-12
10
11
-3
13
-1
-3
-13
-9
-8
-19
10
0
-7
-7
16
16
-8
-7
3
8
-5
-4
-13
-9
7
17
18
-7
14
9
4
-15
5
4
-14
20
0
7
1
-15
5
-2
-11
16
-17
-8
12
8
-9
-16
5
8
11
14
-12
-14
1
19
-9
-2
13
-8
5
18
0
-7
21
-17
18
-19
-9
20
1
-1
-2
-11
-13
13
-7
9
-7
0
1
-3
6
-7
6
14
17
-3
17
-3
-10
10
-14
4
-3
-2
-6
23
-24
3
8
-3
0
-2
-4
-6
7
2
-11
-6
3
3
-10
14
14
-2
1
4
-18
0
10
14
0
11
0
0
-21
-14
1
-5
-11
4
9
-20
-9
-10
-2
-16
-16
3
-19
-12
-9
-9
-6
3
9
31
10
3
6
17
20
15
5
-1
18
1
12
7
22
18
-5
-3
2
6
-6
5
-7
7
8
8
-22
4
15
-3
2
19
-14
-6
12
-9
-11
-4
-18
-5
7
-20
-20
11
-6
-22
-15
16
-3
11
-14
16
14
-3
-16
18
-3
-6
19
-12
-10
-17
17
-20
22
7
-24
4
-9
4
7
-24
13
0
3
10
-10
9
