-2904
-3179
2503
-3052
-130
672
-664
-571
-184
-3039
3828
2765
-2817
-5909
-4018
512
-6392
-2866
1383
-21450
-18715
2565
-12653
-8451
-484
-2
-2499
326
1008
1127
-1215
-3513
242
-574
-3062
-31
-2891
-3489
1156
-2796
-3769
-3122
2034
2815
-3454
-1260
-1329
927
-9
1562
713
2592
-8324
-2060
951
-3264
1613
498
491
-2853
-655
-2701
-2394
-949
2625
2023
2785
-4665
129
-2360
-1101
-3549
2426
-166
-157
-519
3122
-3059
-2106
-1310
-2328
-4465
-3063
-2564
2825
-4752
-4903
-2776
2335
2088
-234
-3936
-1205
1412
-339
1863
1170
3631
1034
-2422
150
-2898
-1120
304
-2516
110
-1782
-3793
-3292
1470
1071
-3797
-5377
-2440
1500
-2871
3256
1860
-3494
3201
1924
-2545
-2107
1060
622
2566
272
-1491
-3181
775
1364
-3473
-1767
-1943
-319
-644
2218
-3606
1520
4
-2109
2135
1188
-4359
-1673
-3969
3180
-2865
2849
-1082
427
1945
-249
-14384
-3753
1951
-2975
2371
741
-2406
-2138
1604
-1921
-3896
-2011
1246
611
2164
2619
-1633
-2011
-1930
354
-1039
-2083
-3316
-5449
-376
1776
-7463
1206
831
-1768
-430
-1284
3352
1146
-3717
-3535
-1202
-708
2096
