-375
308
-907
766
-320
38
168
-110
-596
-5
446
-361
-274
183
-271
-183
-81
-558
332
486
-180
-628
-639
-732
-131
-103
-640
540
-217
-324
50
-277
-565
-208
-57
-193
-547
-813
-573
-265
-125
-273
301
-110
-484
-87
-322
188
-373
91
-380
-713
-39
-575
556
173
356
48
-364
-368
-162
-264
-97
48
65
-103
184
581
843
-630
-230
-608
367
-611
-217
-641
-41
-649
-354
291
-73
-6
194
-196
-360
277
118
-305
-286
304
467
-553
131
223
183
259
-460
-122
293
-61
-38
-94
22
-480
-219
531
-617
207
86
-282
283
215
-301
-194
-477
-92
-405
-263
-325
-151
696
-531
277
-724
-219
993
-406
-297
