11
-27
6
-16
-14
20
-5
-11
19
-28
3
-11
0
-32
-4
-13
-32
17
-18
13
-28
-9
26
-25
12
-25
-16
3
-86
-66
-12
-52
-40
20
-9
14
-17
29
-29
-21
7
-30
19
25
4
15
-30
6
-17
-20
-11
20
-26
13
-20
-6
11
-7
20
-21
-12
-20
10
12
-24
0
24
21
9
5
-9
15
-18
-97
-27
-8
12
-37
-13
-27
4
-9
-29
-11
-4
19
9
23
-40
-14
13
2
-2
13
4
14
2
-32
-21
3
3
1
-19
-2
28
-2
-45
-5
16
1
-22
15
26
-12
-6
-10
2
-25
12
5
-17
-14
17
-3
-35
25
26
-36
-24
-5
-2
16
6
-5
1
-32
2
25
14
-10
16
-77
3
-11
29
-5
-25
-23
18
-26
8
-20
8
-12
9
-1
-26
21
0
-37
6
7
-15
-15
-42
0
-35
-26
9
-71
-89
15
-128
-85
-27
17
0
-27
-7
-6
-17
4
8
-25
-22
11
19
-21
-28
1
0
-42
