-4460
3841
8795
-2106
-582
1117
2416
-9282
8217
7380
5605
-7042
-3717
-7385
-8661
-2609
-7103
-3549
5112
-7411
-3259
-3033
4970
2972
7802
-4056
672
9436
-4226
-1987
-6564
-8067
-5993
9062
-7001
729
7272
-2555
147
5246
-6949
996
2052
-5098
1724
6414
3346
8674
4922
-7247
-14357
-4516
4289
6922
8115
-3890
-3477
7006
-3318
10513
3353
9740
7694
2321
3345
3869
1630
9159
1771
-2374
3399
9021
-2248
2681
3327
7338
3845
-207
2642
4350
2308
2153
-3607
8447
231
5059
2855
3773
-9738
-5550
-1086
6804
-3880
9805
6809
-6653
5470
-9448
9719
6380
3453
-6477
2777
-5847
9638
2891
-8762
-1235
-9768
-264
-5745
4474
5296
4603
3774
10391
3290
2031
622
401
-2444
-7076
10040
670
-3243
4114
2824
-4666
-2232
3823
-993
733
-5300
265
3050
9258
-5460
-2926
2182
-545
5178
-2312
13101
-127
2709
-3402
4618
-3873
5483
3953
-8782
1380
-9473
6638
8382
1554
3748
-4969
-2468
5619
5281
-817
8074
3268
-919
-3468
648
8185
4833
7172
-9504
1900
-3851
-2270
9940
8752
-9525
-4669
1744
1741
2065
-1274
695
-108
-2076
1442
-7534
-4518
-794
-5504
3315
1221
-6823
-5643
9276
702
-267
7075
6629
-6927
4854
4819
1112
4985
-2445
3836
3147
-7961
1718
-4281
5720
5976
-5360
6586
-468
6246
8532
850
555
-363
5708
-4193
2895
1328
-6144
5928
-3566
758
-3857
-5300
-5026
7928
1182
3895
-3980
-7164
-2069
3965
-3456
6032
-2614
1666
2450
8503
4408
-2051
-3914
2251
-4860
1778
-3053
-848
-4798
-10410
-5236
822
321
-8392
5415
2444
-8155
10125
-12170
11520
-420
-3128
-3005
9697
-2759
3333
9228
-5955
-5594
-6368
-5049
2661
-1363
4505
-9540
11206
-11720
-5543
4044
-6033
6129
-3508
-2027
7810
648
-9780
-9228
-2070
-7109
-12270
-726
-5454
1882
1384
4581
2674
-2766
4805
487
-4477
-2133
4307
180
10369
-112
1312
-4714
-7179
156
637
8823
8398
-3801
-10613
4321
3094
-5866
-4225
2211
-2028
4304
5141
1543
8382
-4065
6426
1743
9156
6692
-377
9508
4039
-407
8210
1617
7254
4984
4970
-10047
10546
-11565
3542
-10399
-3341
4730
3781
-764
-522
13875
3267
3415
1370
5327
-515
8314
1398
-6700
-4200
-7193
-12845
-11330
-11069
5340
10509
-8294
205
1325
10544
4099
-10714
-12744
-4602
6403
2853
7403
11572
2173
-3279
7744
9719
-7657
-4201
4056
8165
-1333
9325
-8491
10147
-9791
680
865
6755
-9380
1564
-1337
4846
-7845
-8407
-6040
9414
307
-9264
-7225
219
-13887
7753
-5268
4768
338
-3354
4301
-315
287
5306
-4240
-2206
-6665
-4497
-7812
3223
-2487
1777
-5078
5379
6711
-1420
2628
1656
4084
1883
-3982
1729
10033
-5915
-1691
-5374
-1458
-57
-2587
9586
-3137
-7708
4907
1439
2419
1357
675
-62
6851
1828
-1743
-726
-1674
3466
-319
7681
7127
11194
-2752
-6240
6265
1380
3072
-3588
-5484
10432
2333
190
313
2831
1298
-1324
-7085
-3965
6572
-320
-1161
4307
1674
3846
5088
-4535
2850
3371
-6007
6341
2560
4659
1882
1289
4295
967
9488
711
4843
-359
-874
7394
-11788
-4303
-7182
-7938
-10619
673
5639
9402
-3004
7320
5600
1072
8069
2870
-2829
-4912
3963
4115
1462
-3785
-553
2298
6942
3278
-2504
9894
6067
10619
-6657
6194
9396
-905
4197
2590
-5857
745
13101
-3762
-1145
2741
9537
12594
7265
-8090
-1659
2785
-6298
-53
1218
1913
1759
-3308
5851
5435
8091
-2632
5902
1661
5617
8547
4052
5384
-7386
-6613
-6979
-4673
1475
5433
-6350
584
7014
7071
-5845
4288
7648
-1373
-11298
170
4391
-4722
4932
-4365
5022
1423
1219
4675
-2622
1863
7051
-1404
5807
4412
7384
-4449
5711
-3490
767
-5591
3404
-373
6294
6354
-4531
2213
-7002
170
-8447
-9343
2579
-5340
5359
-3077
1167
-5948
-7734
-6700
2047
5892
2846
-1016
-1236
-324
1274
3097
5208
-259
1256
3652
-4657
-2341
-3840
4963
-1886
-1721
-1446
5206
-125
11246
3843
-10489
-6562
1419
-6583
1018
4153
6164
2107
12094
2547
9815
-6885
-1972
-3570
712
-718
-15
3081
-6972
1081
-6837
10636
9797
-2738
323
947
-6454
-9939
8047
-10779
-7789
-8446
-5629
-5041
7866
4246
986
-3697
-2401
4659
6771
-1090
1402
-2585
-6955
4876
-666
3571
-6299
-8677
7145
3210
-2061
838
10004
-7628
-1434
-1855
-56
-7118
-7826
-5008
-1514
4294
-1448
8007
-3978
1010
8564
-6888
2676
5154
-8933
1025
-6843
30
-7025
1401
-5477
7263
9140
1051
3861
-13300
7118
344
11467
-6611
2774
3183
-1997
-8995
1294
-10495
-1376
1746
6100
-3165
10587
-1487
-4254
-11186
3820
843
-6183
-8059
-460
1792
536
-6168
-9325
5910
-3361
4939
2183
5703
-10038
-183
-3830
884
3812
-2292
1304
-6655
1863
-7469
4912
-13341
-2553
5862
259
27
-2836
5454
2619
10670
1783
-2553
-9104
-3868
-1877
-15558
-1401
-6592
7227
-1137
-10180
1558
-510
5577
6801
-8282
7382
4071
3703
6812
2326
2255
-9707
-2420
-17492
9389
-9289
-4340
8594
-3626
783
-572
6247
-8776
12953
-2464
-3478
7450
-4554
-4295
-1941
-694
9597
513
3509
-7473
3756
6506
-4028
-11365
-10147
3512
-6944
-3645
-3337
3459
6220
960
5590
-1394
-8470
-19086
463
-2357
-1506
4834
-3115
545
1816
915
2450
-1719
-2468
5356
-5445
4249
-7660
-6961
-3043
132
12357
-4317
3969
-335
4542
-3205
-1769
-4598
-46
1033
1449
3508
-8950
-5617
-986
1383
4692
-1250
-5729
-2665
-3159
2777
-5751
3956
4337
2998
-7976
-4748
2332
-6140
6315
-2887
-1287
9113
-6019
813
-3794
-4336
-4323
2033
-9948
-5479
-4641
5189
2515
1995
3488
3964
4167
5024
-7026
2125
482
-9063
3488
390
5055
-3713
-5253
-8169
-7431
10076
6780
-3107
9410
3355
3107
-3755
-9333
6988
-1709
16662
11122
-5313
-3194
-5132
-6420
-9577
-5594
-7178
-14392
4753
-10954
-4821
-9508
-1620
9298
-1470
-254
-3705
19902
11354
-3887
2697
-9787
7892
388
8952
15654
-357
-7798
11380
-1496
1968
6641
-1493
13322
3806
-1439
-8036
-3024
7102
-5800
1834
-9698
-10981
-4309
-6768
4841
-6459
-5611
-8240
9062
-2289
1455
-6905
793
266
-6020
2557
7051
-9714
8611
-3154
5129
-3508
5029
6749
-1676
4491
9888
2907
4596
51
7597
5904
4928
8445
5900
-899
-2578
230
6480
-4825
1708
7305
2199
5667
176
4275
8503
3441
5335
-7878
1623
-2455
-2029
-1537
-4419
3548
639
-7055
891
-7622
-6208
-954
-2448
-7352
5264
527
4612
6714
-2531
-9901
1196
-2892
7776
4368
432
-8734
5235
-7818
-3840
8051
-5061
-2420
583
428
7165
-2144
8070
4235
1477
12133
-52
-5899
9885
4008
-5728
-2965
5849
5124
-5769
-5
8804
10113
12791
4771
-10258
2918
6331
-1491
-979
-8836
10472
4530
3468
6027
-550
2361
8536
10007
-9286
3874
3021
-839
724
7797
-6390
684
4014
-12660
-251
3089
-7772
-7895
1667
2029
1726
-467
9497
545
-1537
-4291
-4599
5041
-969
-5391
7432
102
-8610
-1948
-4756
-12637
-6756
83
4008
8506
-1575
4091
2589
-1319
-7427
-5442
-643
-5953
5766
-90
5387
8993
814
-4408
-6265
4537
2544
1475
342
-15393
7642
7759
-5537
-7303
-5112
10550
-3276
7388
6700
-5472
-4462
-10116
-1550
-1391
1871
1569
4316
-7723
7396
-3518
3063
8337
2916
-4873
5615
-99
-629
661
-88
9232
-5950
2175
1897
3850
939
-7387
-4179
-5455
3852
-2083
3349
5983
-5234
6403
1043
-8380
8321
4095
3076
2882
1209
2643
10483
-4266
-3446
-5626
-3244
5374
-8248
5131
12643
1625
13839
-6295
-5772
-5393
-2024
-403
-696
-1035
-7004
4882
-3053
-2115
-1180
-2614
-8268
-2040
4953
1730
-2841
1303
5718
2554
-1282
-325
1966
10009
-5450
281
8950
3319
-7152
-11808
3126
-6467
10176
8912
2388
-4121
3682
5340
9010
-2869
-6660
-3076
4723
-1974
158
-2572
-1783
-7281
6513
-2214
7397
9356
4336
-1809
4635
4180
-356
-1380
7021
1963
-4972
-2466
696
-20
-252
-8657
115
947
9922
-4553
-4705
-3879
1811
8553
-8691
6222
-3586
-10550
-564
-12959
-7642
3701
6144
3624
1731
2199
-3638
-7335
-5899
-4384
4259
8262
4867
-9691
4129
-3261
3793
6755
3255
-8025
-9605
5256
11240
-4107
7160
-5374
-6124
-5831
6728
-2500
7678
-5354
8448
3794
7877
9598
3764
5777
-3572
4266
-6311
-3398
5844
-290
1665
3521
6714
9013
3808
-3069
7452
-3077
1752
-3990
1124
-2446
-6481
-3676
4662
-8623
-7524
4075
-1428
-1468
5264
258
-2694
-2964
5858
6360
-270
6422
-8106
9422
8544
4838
-8977
1603
-1861
389
2857
4022
-7681
-6959
-13294
5755
8159
-6678
6888
4247
-1945
-4968
-961
-3446
-3494
-8037
2144
5717
-1341
4665
-766
6877
-1272
2544
2565
-626
-1638
153
3518
5839
6000
6438
-2306
2786
4887
-4158
7260
-9308
-1679
7600
-12777
-3109
1803
2377
-2497
3497
7296
4921
3540
-5878
27
7166
-6673
-5773
-6027
-1802
-1000
10988
9564
-6566
-9155
-10330
2696
310
5423
-469
-9134
-665
-5749
-4970
1777
-9790
2413
3886
976
1039
-7626
5365
-4286
1444
-8110
10779
-1911
1841
302
-1368
-8502
1826
-769
-7870
-672
-10268
6233
13259
-7655
2545
-7686
5290
6459
1387
4007
-9235
-7040
622
-3911
-13632
-7560
2569
-6784
3309
8374
9321
-7363
1859
-6244
-4026
-358
-8913
-4063
7964
7842
8707
-2753
-3300
-4093
5237
-10565
5145
-3888
9045
-170
-4874
2520
-6112
-9897
8467
4473
356
-14646
-6526
4192
-466
2207
-3972
8519
-3919
-8750
2131
-1623
-5963
6767
-3058
-2835
10924
4359
-6243
-3537
1382
-1613
8256
-4486
9990
-2571
5070
5887
2556
-2279
-211
-6126
3974
3200
8166
3979
-6882
-6173
10570
-7904
-3328
-4522
-4742
549
-8649
-5743
682
-1136
6562
-187
-7096
-1579
-9392
4305
-2721
-3208
-3655
7735
-8117
3843
4270
-4112
-932
-4664
-840
1801
-7278
-153
4944
-1303
5359
2471
-9068
4888
-4948
4118
3093
-4961
-3026
3616
1936
-4163
7127
6384
2360
-2269
2931
532
-4087
-2174
547
4118
3547
6747
1761
-5633
6887
-1646
-3553
4705
-8405
9493
3456
967
-1447
4250
1292
-2207
8423
-6735
-4830
8493
-7881
-7292
1099
6544
-10976
9462
-10907
4128
-1203
482
12663
5660
5111
7017
808
-11584
8426
3475
550
7523
-5710
7450
9205
1621
-2718
10639
-1517
2734
6722
-4158
7213
2230
3670
-5846
179
-1694
-3807
8435
-10501
-6341
-8368
-8239
5047
2672
-5706
-2280
-6532
2198
-8607
-7203
-608
-2845
2688
-4510
4213
2096
5960
1867
-4194
-2673
-6685
-3521
1803
1605
13477
1064
-8122
2689
-7582
-11576
3959
1577
9933
-1554
-6815
-10984
577
-6938
-4610
-1976
-3665
10613
7295
-1675
-5599
2018
764
-4196
-3304
5051
903
3520
-2630
-3166
4174
-2529
2216
125
15756
8197
-4100
-296
5966
-2707
-6408
-4614
-635
-6384
11426
-5892
1067
-12762
1354
12270
2175
10098
-1518
-7144
4877
5856
-2809
-3798
3267
-7943
-9170
-8044
-5089
3881
-12188
777
-4049
9710
-4041
13533
-6050
-9290
-8218
-626
-9101
9807
-3478
-2446
2992
-6711
-6638
-2981
1077
7418
6520
-4669
3815
5633
-2095
-4186
8859
-2532
-12230
-5901
-1412
-242
15707
-2550
-1434
-7687
13548
1721
-4390
-8322
-7823
-5351
-5491
-4641
-11650
-8880
-6610
10754
4473
5736
5261
5382
-3701
4287
1956
-1419
-4793
5998
-7163
6262
2843
-1635
-7455
6431
-12597
-1233
-3745
9855
534
7230
-3391
-10448
-517
-5760
-1332
-2227
-7860
4278
5128
-9213
4784
4099
243
-7780
-3458
2491
-5042
3020
3582
5607
6574
-5472
-7940
7247
6834
9004
6204
-778
-618
8764
2728
-4298
-6348
-6204
5707
2402
-4016
1783
5785
-5760
6687
-878
5061
4420
-4245
-6873
-3697
2167
-7075
3365
-3499
-1274
4931
-9800
1243
-10166
6321
-8055
-1102
7955
-6069
7149
-6469
2604
6760
-86
-1604
-5507
-6443
-714
-6608
-6507
4067
-822
-8552
8801
-8971
8576
1106
-4854
68
-1118
-477
4892
-4362
-6402
3171
-2116
-2517
-7013
3824
7953
-1874
166
-5459
1578
-4047
2172
-2654
2996
-444
4845
-1152
-6427
6159
8582
-1508
-4765
-9061
-8031
-941
-5169
-489
-402
-9077
3066
10794
-6762
13119
-1925
-4701
6518
-4660
-6412
4710
767
6749
2886
9639
2054
-616
1540
-1425
7972
2673
4265
-438
945
-1180
500
8149
3790
141
1321
-5307
1416
6623
1830
3439
2422
9264
6377
1410
619
-11399
-1186
-5496
5269
1516
7621
3148
-8702
-4538
-2392
-6286
2859
1234
5984
-13061
-3897
-6563
6020
-7424
-6212
-15319
-1857
7044
-1918
6088
2262
5160
-3628
6861
3243
-2594
-2217
-4197
-5962
7581
6950
-6082
11454
2301
-8322
-5377
1356
1394
-4915
-1612
-1306
6956
8002
568
-14514
2726
-10247
7433
-1491
2202
3595
-4523
-6030
-567
-2420
1957
-806
-5254
-8338
-4188
6988
-5255
-4092
-379
-1687
2010
7564
10355
2536
3418
-1252
-1532
-4383
