3.295969
-0.781964
0.247674
3.205332
10.984391
2.019722
1.808382
1.790770
1.682940
1.699831
1.561165
0.728709
0.370525
0.873898
1.340102
1.431953
1.197734
1.018487
0.318724
-0.116461
0.759173
0.985421
0.643167
0.675206
0.403387
0.585108
0.579096
0.361230
1.040460
0.744801
0.720659
0.529382
-0.215758
-0.197076
0.401272
0.508168
0.281608
-0.311712
-0.843272
0.282208
0.372483
-0.156718
-0.083732
0.287653
0.042952
0.974663
0.836848
0.753923
0.420922
0.678888
0.637662
0.431339
0.053230
0.507612
-0.037705
-0.193742
0.976684
0.136390
-0.377785
0.551913
-0.638107
0.108981
0.156368
0.123449
0.187971
0.719867
0.231608
-0.223152
0.811576
0.259006
-0.113718
0.238538
1.552608
2.196419
-1.666372
-1.166020
-1.750617
-1.942397
-2.414845
-1.364419
-1.274661
-1.335238
-2.248043
-1.452393
-1.396325
-1.286132
-2.300614
-1.881003
-2.502001
-1.393051
-2.237198
-2.088642
-1.572200
-1.634732
-1.566619
-1.426147
-0.820650
-1.215269
-0.907651
-0.913218
-2.206420
-1.853524
-1.356221
-1.436111
-0.656327
-1.630755
-1.106129
-1.262448
-0.965536
-1.229614
-1.260664
-0.849178
-1.184180
-0.928859
-1.385695
-1.508987
-0.800518
-1.757883
-1.263827
-1.204949
-1.505450
-1.268996
-0.875178
-1.401138
-0.926346
-1.328075
-1.120733
-1.416950
-1.598243
-1.065946
-1.687876
-2.440238
-1.308761
-1.174691
-0.671975
-1.895895
-1.702485
-1.827452
0.585541
-0.146044
-0.963785
1.654054
1.749107
-1.735678
-2.939311
-1.982146
-1.132490
-1.313796
-1.250734
-1.117607
-1.999670
-1.946923
-1.733705
-1.077002
-1.401752
-1.878649
-0.744892
-1.615081
-1.958765
-0.998562
-1.771038
-1.701367
-0.399254
0.044389
0.179136
0.022617
-1.533204
-0.176824
-0.262498
-1.019973
-0.377482
-0.275503
-0.551591
-0.424805
-0.948642
-0.337008
-0.632413
-0.103970
-0.350922
-0.118078
0.127295
0.070683
-0.030709
0.089120
-0.377932
-0.166070
-0.651923
-0.700127
-1.643433
-1.415238
-0.702553
-1.010881
-0.822410
-1.675611
-2.373678
-1.651402
-0.909970
-1.705743
-1.595476
-1.559108
-1.056855
-1.049989
-0.888207
-0.916849
-1.684646
-1.208878
-1.354056
0.085179
0.104060
-0.518964
1.173373
1.431962
-2.715568
-2.217473
-3.427004
-2.477167
-2.320143
-2.490866
-2.400892
-2.457688
-1.870345
-1.932384
-2.042931
-2.993974
-2.301525
-1.965384
-2.589217
-2.460323
-2.623067
-2.757449
-3.093676
-3.030721
-2.210099
-2.620324
-3.262341
-2.912460
-1.974809
-2.345087
-1.924855
-2.640284
-2.256985
-2.589866
-2.018372
-2.782303
-3.063270
-2.569481
-2.280017
-2.470446
-2.538549
-2.239448
-2.434618
-1.933248
-2.449726
-2.067949
-2.045635
-1.985146
-1.634369
-2.331926
-2.704803
-1.853183
-2.045822
-1.939364
-2.137470
-1.993141
-2.346995
-2.491227
-2.275982
-2.011325
-2.282843
-2.601028
-2.739630
-1.710371
-1.868241
-2.065642
-1.936552
-1.956116
5.420096
-0.731632
-0.465065
6.301377
41.454350
2.927273
1.742659
1.250817
2.119199
1.794321
1.143326
1.554026
1.765385
1.889072
1.091461
0.672391
1.334165
1.585153
0.827092
0.960718
1.416169
0.959488
0.568226
0.607357
1.217893
0.792867
0.070278
1.018593
-0.332784
0.974224
0.619923
0.981263
0.520741
0.284339
0.267575
0.622927
0.090343
0.444292
0.276053
0.030061
0.686110
0.221905
0.263170
0.458728
0.395285
0.392219
-0.286332
-0.045770
0.843066
0.410622
0.764280
-0.164081
-0.025427
0.522163
-0.268254
0.268290
0.613946
0.235051
0.049167
-0.247249
-0.145397
0.330348
-0.333876
0.048330
-0.016949
0.377978
0.191291
-0.096404
-0.442178
0.177199
0.147981
0.008087
1.705772
4.250669
-2.156771
-1.342769
-1.590363
-2.368722
-1.796674
-1.669618
-1.851316
-2.020198
-1.976321
-1.396384
-1.311957
-1.338639
-1.648632
-1.163915
-1.811650
-1.955868
-2.042542
-2.369763
-2.322487
-2.418508
-2.064608
-1.339561
-1.196462
-1.376300
-0.897490
-1.528670
-1.178840
-1.469613
-2.013010
-1.692912
-2.072557
-1.560951
-1.669502
-1.360157
-1.380383
-1.341727
-1.297659
-1.775781
-1.737711
-1.407788
-1.384281
-1.908061
-2.001837
-1.585870
-2.018098
-1.725985
-1.446472
-1.737345
-1.609530
-1.823125
-2.281890
-2.724623
-2.747770
-2.658870
-2.018378
-1.892322
-1.876490
-2.243689
-1.405206
-1.701140
-1.516293
-1.150598
-1.522613
-1.127293
0.141082
-0.436331
0.222088
2.643231
7.646547
-1.741516
-1.875260
-2.881678
-2.149569
-2.189630
-1.529651
-1.508355
-1.838169
-2.197513
-1.462283
-1.733675
-1.624927
-1.711653
-1.109515
-1.343856
-1.367504
-1.632825
-1.796392
-1.705163
-1.730308
-1.840511
-0.970252
-1.032438
-1.668926
-1.306040
-1.765031
-1.647320
-2.061871
-1.807071
-2.388741
-2.778143
-2.313979
-2.462570
-1.882758
-1.913804
-2.680282
-2.193140
-2.473646
-2.528832
-2.668573
-2.597948
-2.249381
-2.104264
-1.727888
-1.752460
-2.304007
-2.612786
-2.600456
-2.864900
-2.585234
-2.045947
-2.486361
-1.974034
-1.990821
-2.147932
-2.067393
-2.261266
-1.491221
-2.042517
-1.989746
-2.221700
-2.489905
-2.122133
-1.430297
0.076149
-0.358541
0.352351
2.101910
6.518538
-2.294546
-2.892980
-2.954701
-3.786665
-3.066000
-2.731079
-2.965670
-2.947214
-3.224486
-2.143444
-2.003280
-2.510503
-3.050051
-2.009479
-2.204358
-2.273356
-2.624512
-2.265851
-2.402491
-2.378951
-2.163840
-2.154909
-2.216670
-2.220132
-2.124944
-3.079835
-2.404855
-2.274411
-2.493513
-2.658652
-2.484246
-2.806175
-2.424187
-1.993173
-2.026407
-1.924162
-2.305587
-1.945136
-3.076936
-2.338357
-2.178060
-2.961385
-2.731024
-2.145321
-2.732605
-1.986027
-2.420835
-2.039546
-1.591914
-2.618342
-2.991760
-2.541048
-2.851085
-3.283705
-2.457276
-3.043572
-3.001443
-2.535247
-2.762050
-2.770352
-2.387129
-1.759422
-2.054195
-2.151761
2.467400
-0.167358
-0.013925
3.880352
16.779448
1.855220
1.682682
1.291801
1.466690
1.161417
0.955146
0.770451
0.840907
0.496932
0.105722
0.540685
0.711669
0.869890
0.366650
0.128326
0.933324
0.236439
0.904759
0.090857
-0.048830
0.183666
-0.154368
-0.301169
-0.833076
-0.088742
-0.421913
-0.307679
0.130106
0.215571
0.472658
-0.246788
0.000001
0.191506
0.075375
-0.498798
-0.401291
-0.625084
-0.338247
-0.806923
-0.339383
0.223270
-0.595279
-0.309704
-0.885438
-0.342594
0.261461
-0.847754
0.136499
-1.212383
-0.226060
0.306307
0.404103
-0.305438
0.004607
0.074243
0.176865
0.077975
0.419964
0.549585
1.102835
0.517493
0.399715
0.946217
1.311329
4.175196
0.397760
-0.842939
6.330719
42.838001
2.049407
2.695577
2.034657
1.912260
2.051661
1.130554
0.525159
1.073402
1.016195
0.752122
0.974149
0.445496
-0.147161
0.567663
-0.405149
-0.178721
-0.105609
-0.217299
0.527779
-0.130715
-0.301056
0.124325
0.124349
-0.250499
0.250949
0.222686
-0.933580
-0.013463
-1.160404
-1.180314
-0.868015
0.143332
-0.226533
-0.308437
-0.163378
-0.331897
-0.570170
-1.421748
-0.726760
-0.918550
-0.544836
-0.432151
-0.881144
-0.808531
-0.454907
-1.420030
-0.732881
-1.610584
-1.255292
-0.381333
-0.613539
-1.135392
-0.783579
-0.853828
-0.491570
-1.544460
-0.911967
-1.336091
-0.529783
-0.824703
-1.144580
-1.051441
-1.298562
-0.658658
0.956427
0.151410
-0.417942
3.396448
11.855192
0.968171
0.581366
0.226442
0.774532
0.864298
0.539198
0.205138
0.299557
-1.255948
0.286941
-0.531022
0.323272
-0.123878
-0.233650
-0.894569
-1.278687
-0.569507
-0.664741
-0.426780
-0.726868
-0.505159
-0.520648
-1.001235
-0.077014
-0.608152
-0.234500
-0.224630
-0.605033
-1.252404
-0.555465
-0.210502
-0.299912
-0.065672
-0.463355
-0.377587
-0.605278
-0.425792
-1.096779
-1.370809
-1.333612
-1.134126
-1.317267
-1.058918
-2.399120
-2.274744
-1.777770
-1.286239
-1.379956
-1.273294
-0.834089
-1.037849
-1.321303
-1.326760
-1.708801
-1.982590
-1.502055
-1.340483
-1.168622
-1.913455
-1.494767
-1.013594
-1.755543
-2.243549
-1.587067
0.758927
-0.730423
-0.148279
5.785291
36.867027
0.235477
0.345508
1.071145
0.463826
0.597500
-0.334257
-1.275721
-0.402684
0.353900
-0.463094
-0.658554
0.121210
-1.255968
-1.149399
-1.526630
-0.906682
-0.617994
-0.770604
-0.503661
-1.139176
-1.286557
-1.229296
-0.767506
-1.307152
-0.705202
-0.926041
-1.612123
-1.325616
-1.250131
-1.266801
-1.954131
-0.872984
-1.830869
-1.622142
-0.783206
-1.437762
-1.232788
-1.556967
-1.087234
-1.521368
-1.098793
-1.356003
-2.246015
-1.570992
-1.906687
-1.653485
-2.026511
-1.991844
-1.965575
-1.110425
-2.004027
-1.593948
-1.556020
-1.978552
-1.648006
-2.268044
-1.532485
-2.341611
-1.990011
-2.110208
-1.186335
-1.600125
-1.635154
-0.854530
1.618394
0.748450
0.541005
3.942821
15.309958
1.247125
1.417484
1.440250
0.573363
0.139422
0.861062
-0.045106
0.009446
0.113087
0.088303
0.048309
0.126701
-0.120867
-0.794962
0.068732
-0.168664
-0.550535
-0.270564
-0.911867
-0.875795
-1.956428
-0.611902
-0.932460
-1.429138
-0.501103
-0.876740
-0.810600
0.229556
-0.665920
-0.093236
-0.083347
-0.617530
-0.504944
-0.462504
-0.060471
-0.411530
0.365784
-0.208874
-0.598297
0.518273
0.004649
0.014625
-0.477289
-0.318342
-0.718257
0.607525
0.393228
0.823975
0.891415
-0.205330
-1.140922
0.192274
-0.247711
-0.437362
-0.422402
-0.748625
-0.623231
-1.270575
-0.949069
-0.606142
-0.569859
-0.088807
-0.445107
0.107207
1.111722
-0.693366
4.413324
3.474866
12.583433
-0.125599
-1.063027
-0.541386
0.149817
0.560125
0.877958
0.717306
0.909878
0.246530
-0.371187
-0.162917
0.036105
0.112410
0.067538
-1.406094
-0.745360
-0.634050
-0.526456
-0.611302
-1.429107
-0.388703
0.038108
-0.073672
0.184913
0.160076
-1.211363
-1.346054
-0.616303
0.233614
0.078377
-0.066405
0.027294
-0.263081
-1.363204
-0.633530
-0.591992
-0.693000
-0.817657
-0.743378
-0.113281
-0.237237
-1.490176
-1.148041
-0.251582
-0.249833
-0.811751
-0.955384
-0.155408
0.164527
0.274648
0.221937
0.054381
-0.317671
-0.372227
-0.545724
-0.232639
-0.327438
-0.170263
-0.188113
-0.113432
-0.240058
-0.337323
-0.909564
-1.434290
1.273472
0.877353
10.801443
2.357549
6.862021
-0.580275
-0.086324
-1.461600
-0.330412
-0.019170
-0.174592
0.194414
0.872090
0.265711
-0.065463
0.206670
-0.773331
-0.627042
0.523673
0.115036
0.598153
0.284532
0.165890
0.076397
-0.210748
0.349483
-0.526179
-0.456708
-0.030237
-0.547279
0.368520
-0.293467
-0.164670
0.186589
0.203976
-0.156788
-0.350731
-0.235464
0.186541
-0.222539
0.238831
0.085577
0.480513
0.215386
-0.298405
-0.205273
0.314850
-0.219044
0.044994
-0.170645
0.570644
-0.244576
0.397205
0.100607
-0.109988
0.186545
0.221903
-0.059067
0.438395
-0.169285
0.559317
-0.045444
-0.086001
0.059079
0.137624
0.014653
0.372401
-0.135772
0.790821
0.820378
3.735831
29.859858
0.935617
0.378913
-0.122710
-0.076613
-0.284999
-0.197467
-0.637728
0.079435
-0.119552
-0.075526
-1.102789
-0.553165
-0.003773
-0.220355
-0.867169
-0.143959
-0.108617
-0.271615
-0.448214
-0.195820
-0.552474
-0.696540
-0.477151
-0.178996
-0.412993
0.089422
-0.600563
-0.156104
-0.313131
-0.356338
-0.494931
-0.376489
-0.064960
-0.585209
-0.425922
0.118712
-0.380621
0.001665
-0.522576
-0.235295
-0.115227
-0.632978
-0.554059
0.051036
-0.294122
-0.259706
-0.526111
-0.112259
-0.414153
-0.052726
-0.431313
-0.234389
-0.452425
0.039221
-0.326898
0.187731
-0.537729
0.162903
-0.327194
-0.348899
-0.219160
-0.350893
-0.294302
-0.017988
-0.321323
-0.101151
0.000000
0.000000
-3.000000
7.745281
58.601048
-12.355951
-12.750973
-13.195007
-14.169455
-13.566399
-13.845878
-13.822521
-14.234032
-14.038013
-14.634193
-14.242847
-14.346948
-14.454649
-15.827034
-14.688511
-14.518209
-14.791587
-16.034042
-14.767344
-14.768072
-14.776275
-15.285151
-14.813426
-15.143038
-14.877278
-15.062891
-14.968838
-15.791568
-15.091726
-15.023550
-15.253279
-10.000000
-15.295933
-15.108961
-15.220101
-15.963222
-15.184195
-15.322493
-15.181788
-15.493253
-15.210285
-15.729752
-15.269885
-15.312159
-15.363591
-16.684385
-15.498251
-15.283760
-15.515916
-16.719740
-15.416686
-15.383069
-15.358712
-15.836623
-15.335357
-15.636707
-15.343840
-15.503385
-15.384203
-16.182657
-15.459313
-15.368335
-15.575897
-10.000000
0.028995
0.682339
-0.047571
1.175793
0.519758
-2.935946
-2.959053
-3.153913
-2.770848
-2.656621
-2.646371
-2.932521
-2.990116
-2.951337
-2.933380
-2.690922
-2.646328
-3.131624
-3.219254
-3.478758
-2.865614
-3.343102
-3.888277
-3.898189
-3.026567
-3.360563
-2.657059
-3.618388
-3.185220
-3.502664
-2.875687
-2.663786
-3.307121
-3.405638
-2.925208
-3.299705
-3.122120
-3.257563
-3.253707
-3.079618
-2.926285
-2.923137
-3.391760
-3.705527
-3.250242
-3.527079
-3.667156
-4.423923
-3.968145
-4.189678
-3.977294
-3.886876
-3.729248
-3.785209
-3.310970
-2.941968
-3.285913
-3.404279
-3.914541
-3.591735
-4.552936
-4.112800
-3.578132
-3.581776
-3.610610
-3.748920
-3.536597
-3.452493
-3.031572
0.046529
0.012766
0.354704
4.230380
19.975538
-3.588577
-3.948076
-3.650313
-3.662817
-3.285216
-3.419603
-2.833585
-2.865718
-3.150175
-3.357467
-3.580554
-3.141418
-3.567871
-3.646675
-2.779753
-2.640030
-3.039723
-3.126335
-3.527896
-2.367336
-2.294520
-1.704930
-1.839153
-2.540204
-2.578100
-2.256879
-2.448610
-2.573495
-2.692916
-3.354172
-2.779509
-2.473338
-2.453955
-2.637979
-3.141304
-2.862260
-2.591444
-3.094105
-2.517799
-2.883821
-2.402972
-2.790066
-3.758701
-3.663588
-2.779926
-3.392715
-3.659856
-3.574333
-3.439452
-2.771225
-2.637992
-3.401391
-3.642828
-2.995898
-3.379721
-3.273470
-2.909846
-2.779508
-3.383735
-3.866626
-3.743918
-3.101144
-3.377604
-3.948848
0.029714
0.127538
-0.749835
2.828453
10.061997
-3.821428
-2.802805
-2.491669
-3.795151
-3.419006
-2.632365
-3.162727
-3.012691
-2.344527
-3.013442
-3.354290
-3.483083
-3.474799
-3.010445
-3.403744
-3.144433
-3.257918
-3.425967
-3.293927
-3.989523
-3.067708
-3.417832
-3.360269
-2.945681
-3.831318
-3.276107
-3.536949
-2.994996
-3.555146
-2.792115
-3.006325
-3.534851
-2.695051
-2.891974
-2.956848
-4.275015
-2.797257
-2.938686
-3.689692
-3.717669
-3.533598
-3.140129
-3.648735
-3.693788
-3.623906
-3.467224
-4.192643
-3.348503
-3.737278
-3.180674
-3.479951
-3.165859
-3.208958
-2.913259
-3.167808
-2.993029
-3.557103
-3.714571
-3.338951
-3.643795
-3.230165
-3.586713
-3.215530
-3.078997
3.531188
1.159775
0.562700
6.099854
39.448730
2.460555
1.589206
2.058255
1.477725
1.198953
1.029868
0.656650
1.200122
1.159315
0.872878
1.106113
0.925456
0.129283
-0.123789
-0.326018
0.129308
0.412779
-0.063779
0.005239
0.015113
0.816707
-0.436637
-0.139470
-0.107418
0.207945
0.479036
-0.003742
0.514044
-0.081270
0.144251
0.210182
0.412668
-0.244260
-0.385153
-0.497609
-0.228442
0.132745
-0.125073
-0.010626
-0.023902
-0.103026
0.519177
0.208306
-0.235162
-0.047407
-0.821970
-0.874882
-0.924831
-0.649378
0.287868
-0.323868
-0.152573
0.326535
0.115783
-0.788942
-0.381982
0.327911
0.112828
0.648185
-0.221594
-0.175652
-0.124615
-0.327393
-0.040356
2.425416
0.786873
1.662991
2.880325
10.380585
0.241887
0.844282
0.698472
0.997562
-0.391482
0.148610
0.673711
0.121317
-0.037769
0.301330
0.714341
0.512607
0.679726
0.012171
-0.335254
-0.331576
0.412725
-0.479197
0.280730
0.311984
1.532537
1.038004
0.450288
0.322908
0.344176
0.312450
0.600553
0.733927
-0.091249
-0.084429
0.701921
1.226176
-0.403905
0.743842
0.125349
0.641434
0.445159
0.627456
0.126326
0.379329
0.262359
0.903680
0.661355
-0.006681
0.971662
0.329259
0.683866
1.038278
1.331893
0.500700
0.675525
0.589614
0.509841
0.327591
1.147466
0.545373
0.346987
0.920114
0.776692
0.304893
0.742734
0.745206
0.911407
1.231424
3.020600
-2.788212
17.728176
1.469512
1.693489
0.163764
0.777085
0.516912
1.204093
0.770229
0.850991
0.363710
0.393222
0.570010
0.604355
0.381640
0.759125
1.162689
0.873773
0.773880
0.412187
0.030684
0.029591
0.568438
0.494554
1.497329
0.889826
1.239064
0.972980
1.334109
0.524330
0.463545
0.078993
0.599133
0.799581
0.808370
1.376753
0.715515
1.207506
0.755217
1.198619
-0.002132
0.629201
0.421886
0.490075
0.385064
0.684263
0.754705
0.924988
0.799344
0.622321
0.588628
1.350188
0.753037
0.760709
0.763540
1.016287
0.914029
0.954470
1.259445
0.798252
0.733921
0.919395
1.274648
0.738021
0.933503
1.028421
1.247046
1.286027
0.619973
0.573274
4.290993
1.625818
2.502006
-1.419441
-0.896722
0.046891
-0.094459
-0.028688
-0.480483
0.059850
-0.672442
-0.612407
-1.205670
-1.021617
-0.513435
-0.588729
-0.638240
-0.354564
-0.537611
-0.396997
0.076678
-0.479967
-0.940826
-0.516810
-0.597135
-1.330505
-0.968516
-0.118629
-0.361172
-0.508369
-0.238727
-0.236624
-0.447761
-1.038179
-1.233604
-1.131447
-0.560611
-0.691246
-0.220788
-0.734957
-0.916544
-0.808311
-0.490714
-0.503880
-1.074253
-1.202296
-0.908630
-0.499590
-0.559927
-0.413972
-0.709123
-0.658901
-1.065970
-1.487795
-0.997831
-0.581058
-0.628436
-0.429869
-0.459689
-0.353388
-0.715566
-1.294085
-0.334105
-0.845164
-0.237844
-0.258709
-0.806595
5.060396
0.716925
-0.672671
6.425363
43.088238
2.336416
2.846180
2.294042
1.106924
1.572623
0.961187
1.365411
0.053013
0.675183
0.307291
-0.080264
0.092155
0.319207
0.284139
0.390967
0.706124
0.430321
0.544755
0.583422
0.609888
0.237284
0.017957
-0.179165
0.471496
0.122173
0.076605
0.356726
0.607470
0.812362
0.625178
0.914453
0.063059
0.198657
-0.319393
0.397171
0.170278
0.058700
-0.004272
-0.310393
-0.505492
-1.549319
-1.279113
-0.449756
-0.234182
-0.533453
-0.382635
-1.147871
-0.827411
-0.016844
-0.330890
-0.321568
-0.543046
-0.465272
-0.306761
-0.527653
-0.320580
-0.009000
0.103679
-0.587528
-0.530977
0.316923
-0.288272
-0.730591
-0.994596
4.474079
0.773728
0.242950
5.136343
29.006817
1.341537
1.714549
2.499683
1.599337
1.895708
2.212400
1.365374
1.868023
1.760922
0.976841
1.285220
1.495243
1.023470
1.219970
1.005891
0.677587
0.627146
0.815021
0.295044
0.933263
0.376776
0.251352
0.293103
0.485003
0.022705
0.826968
0.332266
0.274434
0.258158
0.315684
-0.050566
0.305016
-0.274920
-0.242453
0.283832
-0.580485
0.024128
0.793934
0.203380
0.421534
0.478989
0.063984
0.681319
0.653637
0.455230
0.440357
0.399760
0.580123
0.144397
0.676797
0.358428
0.085409
0.373376
0.059158
0.458598
0.872855
0.599154
-0.057767
0.357816
-0.172669
0.582114
0.604805
-0.208647
0.013430
3.610538
-0.847328
-0.106917
4.574375
21.063389
1.140827
1.619303
2.197992
1.370110
1.706302
2.224787
1.398238
1.377198
1.256933
0.769517
1.346999
1.361680
0.507273
0.746917
0.641735
0.954553
1.173641
0.045284
0.810428
0.311337
0.644100
0.854096
0.047792
0.532851
0.791303
0.195899
-0.495731
0.299289
-0.528846
-0.572498
-0.424851
0.415083
0.018027
0.403528
-0.479581
-0.162488
-0.701679
-0.071690
-0.336314
0.490378
-0.302947
-0.038701
-0.521870
0.141796
-0.152818
-0.362428
0.130033
-0.503710
-0.400689
-0.018574
-0.368558
-0.138517
-0.279659
-1.011212
-0.219727
-0.250825
0.099110
-0.061616
-0.778012
-0.688278
-0.330224
-0.600594
-0.466282
-0.168378
2.425565
-0.758898
-0.293901
4.045153
17.953608
0.556311
0.908648
1.761332
0.920694
1.181650
1.634647
1.042382
0.958243
1.210315
0.573696
0.972392
0.955960
0.450448
1.021884
0.905349
0.311940
1.353379
0.432928
-0.007330
0.319580
0.699869
0.643075
0.826968
-0.077007
0.081669
0.307077
0.137996
0.261317
-0.187160
-0.442874
-0.349014
-0.076862
-0.107003
-0.504271
0.001582
-0.066807
-0.367336
-0.013194
0.288811
-0.192644
0.397935
0.026513
-0.492217
-0.614115
0.449408
0.124488
0.499135
-0.306917
-0.098858
-0.405893
-0.187278
-0.382981
-0.226450
0.086348
0.487414
0.549418
0.370183
0.677409
-0.406348
-0.496430
0.171969
0.257060
0.023000
0.709270
3.707659
0.107340
-1.146490
5.612162
33.346710
2.495404
2.205595
1.796843
1.618245
1.694313
0.254371
1.160527
1.285358
1.117679
1.310083
0.801365
0.808333
1.130954
-0.007307
0.613201
0.116256
0.318274
-0.050476
-0.303189
0.224291
0.006041
-0.019238
0.522299
-0.165953
-0.228351
0.254668
0.110559
-0.011505
0.155386
-0.337209
-0.573054
-0.042746
-0.590325
0.188108
-0.389153
-0.646304
-0.431929
-0.242250
-0.320349
-0.778092
-0.379952
-0.798169
-0.562956
-0.191376
-0.123190
-0.455151
-0.409154
-0.024293
-0.375632
0.148453
0.087128
-0.721687
-0.623216
-0.185140
-0.154080
-0.434886
-0.728098
-0.064995
-0.928358
-0.568788
0.143129
-0.060638
-0.751994
0.021718
5.312105
0.565558
-0.701675
3.162044
9.419672
1.667720
1.965042
2.365930
1.904987
2.389531
2.421275
2.063061
1.695856
1.496156
2.121287
1.676101
0.057515
1.485295
1.118383
1.287645
1.024716
0.882224
0.795298
0.990966
0.954437
0.840756
0.224338
0.943567
0.873328
0.440525
-0.583565
0.188615
-0.029888
0.978888
0.732492
-0.294835
0.893783
0.657809
0.382079
-0.757671
0.049309
0.681357
-0.102047
0.280841
0.755348
-0.312214
0.119958
0.214602
-0.344931
-0.228300
0.378736
0.273547
-0.275723
0.428049
-0.291057
-0.171951
0.110085
0.120592
0.370599
-0.123789
0.020380
0.099196
-0.655092
0.280052
-0.649190
-0.145389
-0.418534
-0.057252
0.391187
4.154038
0.026830
-1.502671
2.657601
6.595248
1.628781
1.645641
2.107919
1.599095
2.013495
2.118310
1.895834
1.689168
0.644964
1.829314
1.340626
0.971590
1.733965
0.774493
0.750511
1.568502
1.273716
-0.385118
0.723775
0.429950
-0.156457
-0.162423
0.894559
0.912750
0.307323
0.603276
0.611403
-0.922841
0.145753
0.470179
-0.472324
-0.452940
0.767698
-0.162037
-0.098084
0.718052
-0.390244
0.097864
0.504016
-0.047058
-0.472856
0.017645
-0.180927
-0.194995
-1.551908
-0.134526
-0.385242
-0.848969
-0.224387
-0.003862
-0.314471
-0.413355
0.255402
-0.562583
-0.177563
0.369536
-0.434844
-0.205617
0.047126
-0.154246
-0.770095
-0.121963
-0.072158
-0.464183
2.536716
-0.836693
-0.367043
2.737103
7.097467
0.986370
1.136207
1.588025
1.108725
1.324521
1.348008
1.681674
1.035707
1.634803
1.424410
0.569549
0.975583
0.834715
1.289053
0.802924
0.314306
-0.224559
-0.404354
-0.298132
0.084586
-0.153021
0.762011
0.630510
-0.355455
0.090650
-0.408870
-0.894877
-0.726090
-0.007127
-0.175497
-0.082047
-0.303828
0.015744
-0.142269
-0.738233
0.000685
-0.439385
-0.106168
-0.031901
-0.465114
-0.318632
0.304951
-0.180962
0.189697
-0.438334
-0.620191
-0.080557
-0.088887
-0.589080
0.038160
-0.497012
-1.240477
-0.614643
0.279255
0.568348
0.315877
-0.128237
-0.051514
-0.455108
0.107335
0.180303
-0.685960
-0.635847
-0.361733
2.662559
0.833461
-0.119166
2.315597
4.372010
0.565658
0.980396
1.273809
1.379084
1.636649
1.518938
1.134321
0.911824
1.198758
1.513314
1.520637
1.597523
0.743213
0.068973
-0.228315
0.889648
0.202175
-0.237098
-0.154234
0.115774
0.723675
1.260296
0.988831
0.244448
-0.088560
0.211161
0.109242
0.186010
0.101704
0.265161
0.406258
0.238047
0.423282
0.090692
0.009403
-0.473051
-0.552788
-0.289468
-0.406833
-0.058045
-0.211391
-0.493042
0.223940
-0.383089
-2.052619
-1.091866
-0.687708
-0.410803
-1.702472
-1.255999
-0.148803
-0.407863
-0.180224
0.146229
-0.075047
-1.000216
-0.562146
-0.189665
-0.891251
-1.477236
-0.648408
0.091717
0.298816
-0.040366
6.003510
0.841687
-0.112781
5.573168
32.283268
1.949804
1.809214
2.903425
1.988792
1.867975
2.661147
1.867845
1.404466
1.152459
0.783709
0.345217
0.672644
-0.074718
0.641285
1.021282
0.899968
0.425875
0.398113
0.260157
0.458190
0.467672
-0.034155
-0.054421
-0.327431
-0.632712
0.077685
0.161091
0.310791
-1.113094
-0.463429
-0.308346
0.560215
-0.676043
-0.701316
-0.438482
-0.817428
-0.191652
-0.483404
-0.780481
-0.111455
-0.002409
0.143718
-0.130851
-0.284251
-0.638259
-0.249655
-0.254705
-0.196226
-0.324567
0.010108
0.206479
1.209316
0.189916
0.069456
1.228294
0.507525
0.660983
1.789543
0.701636
0.705983
1.863935
0.881077
0.949599
2.021257
4.782237
-0.274242
-0.973893
4.071719
18.075550
1.048114
1.091149
2.299664
1.436553
1.572905
2.450718
2.026517
1.393380
1.910280
1.888485
1.223106
1.340278
1.034534
0.450429
0.504589
0.669401
0.591201
0.251141
0.474985
0.451875
0.222939
0.200348
0.440288
0.325967
0.176603
0.262546
-0.157048
-0.875080
-0.078664
0.384974
-0.374431
-0.048632
0.678852
0.178841
-0.003494
-0.932387
-0.119133
-0.063044
0.388229
-0.017911
0.165818
0.535537
0.398758
0.243522
-0.328850
0.253973
-0.355438
0.009670
-0.379929
0.548594
1.329496
1.866565
1.122396
0.937451
1.555835
0.794789
1.083395
1.798758
0.859507
1.141484
1.341907
0.904944
0.544729
-0.066487
2.307641
-1.050347
0.289839
4.336684
18.164280
0.878094
0.669036
1.820493
0.910860
0.814014
1.794006
0.875870
0.931598
1.603362
0.563998
0.337120
0.827451
0.339787
0.227283
0.526390
0.594758
-0.008825
0.377518
0.412566
0.008097
-0.729872
0.129848
0.124589
-0.786932
-1.265714
-0.442608
-0.475725
-0.733391
-0.254959
0.009881
-0.375684
-0.186948
0.211905
-0.219623
-0.748710
0.035449
-0.664491
-0.956509
-1.071784
-0.586780
-0.891479
-1.186904
-0.614886
-0.254559
-0.337413
-0.187766
-0.777940
0.379464
0.375128
-0.128550
0.477074
0.301011
-0.067560
0.453986
0.008295
0.341978
0.028349
0.985668
-0.032758
-0.088867
0.646628
0.210105
0.356634
0.347535
1.562481
0.180344
-0.488545
1.379254
1.570710
0.965776
0.807978
0.474126
0.874903
0.790142
0.434176
0.391357
0.265093
0.541076
-0.491653
-0.173279
0.800050
0.519861
0.445981
0.420423
0.139157
0.453562
0.354526
0.317015
0.593468
0.680265
0.610509
0.514125
0.342094
0.247834
0.137591
0.287642
-0.568354
0.332657
-0.306621
-0.850689
-0.234704
-0.100241
0.212223
0.002424
0.475661
0.128555
0.575120
0.752389
-0.216103
0.686974
0.060328
0.011209
-0.050052
-0.779035
-1.068851
-0.287654
0.184685
-0.483698
-0.233892
-0.363533
-0.284162
0.179409
-0.216459
-1.281035
-0.818895
-0.074627
-0.924525
-1.527379
-0.733517
-0.889416
-0.583989
-0.427285
0.051148
4.610818
0.332421
-0.351157
2.926697
7.603784
0.325404
1.479262
0.887853
2.227962
2.184339
1.986167
2.171630
2.029066
1.854874
1.591559
1.791516
1.308771
1.305452
0.519807
0.753713
0.729961
0.909513
0.815318
0.495197
0.905493
0.417563
0.795101
0.167518
-0.180289
0.378380
0.828207
0.789017
-0.193396
0.587985
0.401382
0.242122
0.203264
0.652568
0.909178
0.448186
0.751008
-0.042714
0.755080
0.523116
0.410734
0.578587
0.249261
0.282923
0.488769
0.802919
0.492254
0.347120
0.488007
0.369162
0.589494
0.120548
0.720110
0.512298
0.276269
0.551865
0.387660
0.555987
0.110633
-0.036754
0.424718
0.511729
0.027033
0.372878
0.335618
3.907784
-0.587582
-0.727071
3.328977
10.292919
1.025734
0.012890
0.779192
2.140328
1.835975
1.879134
2.038495
2.116287
1.314427
1.579314
0.875297
1.032929
0.594715
1.158138
-0.159928
0.371703
0.773634
1.136145
0.299038
1.125465
0.971660
1.268736
0.946603
0.458557
1.062135
0.218928
-0.516166
0.352893
0.329205
0.003346
0.385871
0.385939
-0.279762
0.363814
-0.311186
0.525728
-0.324210
0.186678
0.507673
-0.654050
-0.198807
0.451993
-0.502885
-0.330368
-0.461697
0.040269
0.190869
-0.055899
0.447462
0.082279
0.132892
0.177178
0.214047
0.538141
-0.649191
0.194417
0.108910
0.294200
-0.054561
0.201716
-0.491549
-1.149497
-0.369286
0.531002
2.731927
-0.541693
-0.705428
2.940879
8.128990
0.196071
0.591998
0.699308
1.644568
1.069479
1.167118
1.560825
1.701046
0.761233
1.178212
0.992895
1.390816
0.970124
0.546728
0.568519
0.960112
0.629482
1.571374
0.537533
0.562965
0.894780
1.025157
0.616458
-0.185921
0.566995
0.712557
0.654886
0.210978
0.368112
0.510579
0.664340
0.105643
0.410966
0.297926
0.512551
-0.154428
0.031307
0.270178
-0.403460
-0.748606
-0.315997
-0.090937
0.609424
0.256201
0.501840
0.068711
-0.001345
0.142215
0.190291
-0.134029
0.239021
-0.181715
0.449266
0.253754
0.115552
-0.441534
-0.177284
-0.201853
0.141112
0.272101
0.206111
-0.240434
0.536742
0.694901
2.895104
-0.001710
-1.206460
5.159842
25.603279
2.074058
2.110322
0.930026
0.650080
0.983933
0.959371
0.893047
0.799089
0.612494
0.525778
1.173952
0.803154
0.747650
1.120540
0.580735
0.845415
0.268916
0.352808
0.399203
-0.007657
-0.107704
0.181212
0.643522
-0.072951
-0.090277
-0.190211
-0.234643
-0.079754
0.196208
-0.359703
-0.088631
0.406755
-0.322892
0.091741
0.470188
0.195535
0.350206
0.119128
0.171328
-0.513939
-0.255961
0.046727
0.566619
0.431037
0.554093
0.265844
0.482285
0.308710
0.596205
-0.005456
0.663479
0.574581
-0.301790
-0.283718
-0.485063
0.460806
0.333246
0.312277
-0.552143
-0.017017
-0.459922
-0.992940
-0.289760
-0.345586
1.601598
2.080775
9.004529
1.263913
1.209573
-0.259105
0.781016
0.181111
-0.421995
-0.658850
-0.511806
0.134900
-0.481643
0.158624
0.717473
0.289085
0.587378
0.512063
-0.154868
0.274262
-0.126144
-0.365921
-0.255650
-0.204333
0.161036
-0.118231
0.191600
-0.033291
0.457876
0.237958
0.007197
0.436581
-0.123063
0.472102
0.688474
-0.303473
0.570808
-0.070288
0.566441
0.175586
0.202940
0.067342
-0.630316
0.432856
0.740801
-0.256036
0.512759
0.268511
0.550488
0.478798
0.245434
-0.097666
0.282008
0.736567
-0.376991
-0.093342
0.342489
0.092519
0.502335
0.410224
0.293360
-0.297247
0.363253
0.884271
0.212178
-0.077329
0.309267
0.308789
0.741573
2.180771
-1.342703
9.625790
1.767294
3.171207
-0.506108
0.280985
0.496188
0.638800
0.862509
0.819748
0.693531
-0.869973
0.136579
0.396142
-0.566428
-1.188852
0.017709
1.038342
0.639211
0.696435
0.406264
-0.053339
0.759317
0.780530
0.437711
0.024941
0.421919
0.990089
0.340466
0.213430
0.635683
0.299018
0.918161
1.225439
0.649610
0.338173
0.064124
0.433952
0.204687
0.854796
0.438425
0.122858
0.607294
1.079349
0.413800
0.026092
0.259574
0.392618
0.425862
0.997185
0.225913
0.467032
0.978688
0.378091
-0.308647
0.112505
0.725582
0.404065
-0.234374
0.145342
0.755447
0.809840
1.214830
0.499068
0.274091
0.501525
0.404454
0.396553
0.745999
-2.291310
15.986924
1.423271
1.457141
-1.438403
-1.257198
-0.572851
-0.094868
-0.097681
-0.463458
-0.901795
-0.950458
-0.647465
-0.515872
-0.944245
-0.912413
-0.288798
-0.215801
-0.171038
-0.172391
-1.460380
-0.940827
-1.027470
-0.926144
-2.077191
-1.539323
-0.795232
-0.314364
-0.329990
-0.351161
-0.604655
-1.218862
-0.846378
-1.247308
-1.353629
-1.108444
-0.694552
-0.123414
-0.417128
-0.256301
-0.710669
-0.693683
-0.772679
-0.639835
-1.626130
-1.153082
-0.147129
-0.043264
0.233630
0.134330
-0.852084
-0.176504
-0.560924
-0.636903
-0.975609
-0.120736
-0.116168
-0.275493
0.186409
0.240927
-0.474560
-0.058254
-0.578875
-0.216788
-0.675421
0.140980
0.129682
-0.210384
2.230906
-0.202575
-0.882218
3.737563
14.358270
1.678559
1.006294
-0.279914
1.359860
1.735013
1.049988
0.612517
1.058903
0.840894
0.583528
0.332171
0.677997
-0.197230
-0.471538
-0.247130
0.982808
0.737000
0.431948
0.152750
0.162853
0.354084
-0.609277
0.793590
0.387772
-0.380641
-0.906666
0.015480
-0.043023
0.160599
0.063128
-0.572044
-0.107206
-0.305434
-0.007324
-0.374986
-0.923574
0.082022
-0.162099
-0.318398
-0.578030
-0.650215
-0.240412
-0.346835
-0.181766
0.111525
0.129692
0.342725
-1.381675
-0.846510
-0.976447
-1.253863
-1.017898
-0.736477
-0.013392
-0.599354
-0.308103
-0.130423
0.095531
0.362082
0.965103
0.534800
0.968114
0.488071
0.322474
3.298699
0.428870
-0.083679
4.756010
23.899616
0.109171
0.676043
1.246530
1.739842
2.234582
1.270289
0.794464
1.548641
2.056436
1.204667
1.289957
1.575040
1.015815
0.738296
0.751484
0.962570
0.319546
0.353152
0.484257
0.683327
0.299410
-0.165090
-0.674351
-0.336929
0.161179
0.517714
-0.001426
0.628860
-0.121201
0.708955
0.122614
-1.160758
-0.069407
-0.630777
0.192866
-0.405625
-0.666689
-0.935488
-0.170368
-0.586432
-0.535605
-0.911439
-1.006199
-0.905801
-0.962194
-1.021692
-1.009348
-0.587208
-0.841341
-0.226042
-0.688786
-0.243702
-0.893492
-1.930690
-1.400931
-1.202311
-0.547485
-1.382336
-0.893373
-1.437356
-1.146485
-0.762827
-1.337750
-1.019074
2.575863
0.411068
-0.401017
5.184411
28.308458
0.844604
0.328875
0.954552
1.865257
2.106110
1.230138
1.153465
1.623882
1.295442
0.068949
0.314142
0.650983
0.077843
0.191767
0.085341
-0.119238
0.413690
-0.032638
-0.124429
0.368834
-0.438570
0.261405
0.181997
-0.020406
0.118712
0.394483
-0.464415
0.363658
-0.336387
0.300512
-0.171151
-0.969713
-0.061296
-0.451220
0.030725
-0.703861
-0.623600
-0.611808
-0.552359
-0.628102
-0.506878
-0.949749
-1.526901
-1.518615
-0.594322
-0.937198
-2.316421
-0.617927
-0.718497
-0.545784
-0.792532
-1.646220
-1.029038
-1.230114
-1.017477
-1.196718
-1.627231
-1.174957
-1.612212
-0.963809
-1.190008
-1.612487
-0.883789
-0.896600
2.382448
-0.279764
-0.659854
3.986446
15.888237
0.202450
-0.221730
0.384451
1.649058
1.921447
1.111439
1.045044
1.730832
1.673760
0.659926
0.899531
0.597808
0.371680
0.869623
0.101559
0.279732
0.122380
-0.273373
-0.323271
-1.224949
-1.110072
-0.981333
-0.440890
-0.951302
-1.139138
-1.635312
-0.781628
-0.522027
-1.383986
-0.657463
-0.940550
-0.790665
-0.338776
-2.195046
-0.801718
-0.599659
-0.077243
-0.200695
-0.514070
-1.404911
-1.045951
-1.365009
-1.501653
-1.251167
-1.014696
-0.372376
-0.227361
-0.433970
-0.616274
-0.491797
-0.500478
-0.380094
-0.873265
-0.552075
-1.369358
-1.080395
-1.155227
-0.984142
-0.951192
-1.212799
-0.723613
-1.380180
-1.036003
-0.681911
2.454303
0.226942
-0.412303
3.383285
11.995398
1.742498
1.719485
0.242767
0.646909
1.399026
0.916066
0.691950
1.333428
1.043929
1.002504
1.426880
1.177038
0.538949
0.681673
1.032454
0.886566
0.023643
0.030045
0.312046
-0.277855
0.150516
0.295699
-0.638966
0.621870
0.442732
0.751192
0.483031
0.075539
0.696635
-0.001661
0.446770
0.043360
0.537166
-0.123111
0.195924
-0.583851
-0.187663
-0.173449
-0.000115
-0.167099
-0.451307
-0.834567
-0.106178
-0.415253
-0.456018
-1.006078
-0.385995
-0.538137
-1.562159
-0.713984
-1.041677
-0.111516
-0.828287
0.278851
-0.189082
-0.330090
-0.714309
-0.801420
-0.671579
0.038403
-0.417548
-0.321232
-0.187236
0.279043
2.423016
-0.320642
-0.977187
7.177217
52.232586
1.307045
1.604310
2.304189
1.437983
0.927031
0.532062
0.158559
0.293001
0.458337
-0.270559
0.172143
0.083573
-0.280260
-0.562232
0.156692
-0.114234
0.072033
-0.274545
-0.052908
-0.527202
-0.344418
-0.721728
-0.527192
0.072926
-0.044198
-0.640874
-0.701055
-1.207327
-0.545675
-1.287493
-0.948646
-0.235589
-0.439002
-0.499460
-0.653954
-0.696730
-0.544152
-0.864563
-1.403706
-0.507969
-1.226967
-1.129917
-0.992637
-1.117585
-1.637357
-1.863892
-1.563681
-0.929378
-1.410028
-1.777976
-1.368066
-2.338861
-0.725923
-1.056181
-1.167487
-0.676951
-1.195545
-1.304569
-1.889713
-1.567206
-1.343967
-1.056230
-0.852288
-1.046811
0.988344
0.160536
-0.163999
6.055032
39.627182
0.198117
0.790558
1.272329
0.719257
0.217360
-0.352346
-1.057377
0.023971
0.304789
-0.605957
-0.414547
0.162254
-0.373063
0.057389
-0.415749
-0.192603
-0.502917
0.121164
-0.102219
0.330303
-0.067424
-1.104564
-0.373808
-0.313816
-0.041857
-0.582848
-0.486164
-0.604865
-0.762969
-0.750334
-0.449556
-1.097568
-0.472428
-1.338667
-1.164064
-0.983073
-1.337517
-2.303010
-0.955412
-1.322900
-1.138906
-1.548620
-1.355539
-1.311679
-1.281137
-1.341714
-1.864697
-1.908067
-1.602063
-2.084363
-1.506267
-1.523620
-2.093869
-1.749081
-1.497149
-1.318859
-1.696347
-1.344474
-1.775351
-1.434028
-2.136929
-1.592238
-1.754941
-2.744728
0.561111
-0.188139
-0.769369
7.187660
52.543358
-0.326063
0.128100
0.949143
0.107925
-0.244106
-0.215713
-0.920332
-0.933676
0.028105
-1.284026
-1.135579
-0.282824
-0.628790
-1.107232
-1.350754
-1.388081
-1.117242
-1.521072
-1.272248
-1.865181
-1.102781
-1.463227
-2.230296
-1.168069
-0.993256
-1.710439
-1.852527
-0.669655
-1.836563
-1.546553
-1.210578
-1.337089
-1.588669
-2.020725
-1.639591
-1.182277
-1.592054
-1.676627
-2.280290
-2.119760
-1.551007
-1.477456
-1.498671
-1.795765
-1.766684
-1.593821
-1.546661
-1.286780
-2.681315
-2.285325
-2.549784
-2.349975
-2.809904
-2.180655
-1.495723
-1.613445
-1.791078
-1.842340
-2.856402
-1.924850
-1.532625
-1.866278
-1.703145
-1.899606
6.517976
0.483232
-1.058455
3.469859
12.827888
1.693016
0.701944
1.238141
0.506856
0.258407
0.720840
2.299417
2.424180
2.681041
2.207197
2.372936
2.430259
2.003592
1.630300
0.815604
1.653742
1.678062
1.099866
0.763735
1.163508
0.766639
0.794488
0.830398
1.728194
0.809193
1.615861
0.570092
-0.148149
0.515812
0.517924
-0.057315
0.604365
1.115415
1.144572
0.697536
1.027129
1.024871
0.779778
0.145807
-0.189058
0.266626
0.524043
0.271329
0.295358
-0.177550
-0.385854
0.271291
0.526879
0.559069
-0.167393
-0.487132
-0.058769
0.052471
-0.300566
-0.453268
-0.399906
-0.099200
0.175981
0.299938
-0.296537
-1.257985
-0.226338
-0.334829
-0.179625
0.249421
-0.046578
-0.327809
3.378533
10.759121
-2.023405
-1.902586
-1.363993
-1.545646
-1.136154
-1.234972
-1.350789
-1.677615
-2.168858
-1.795419
-1.655817
-2.182163
-1.777832
-1.528921
-1.824448
-1.507148
-1.545284
-2.535268
-2.271467
-2.327211
-2.477839
-2.055964
-1.486669
-1.529936
-2.778779
-2.505426
-1.939740
-1.533738
-2.307895
-1.278418
-1.554035
-1.296373
-2.063201
-1.454569
-1.572813
-1.683053
-1.839085
-1.335803
-1.966835
-1.990976
-1.533857
-1.076125
-1.230065
-1.489974
-1.394847
-0.681487
-0.315615
-0.382074
-0.445835
-0.534065
-1.361956
-1.851550
-1.775738
-1.219401
-1.712428
-1.492810
-2.204357
-2.434733
-1.466365
-1.874018
-1.343578
-2.353185
-1.987049
-1.454538
0.580793
0.441709
-0.614294
3.362396
10.794627
-1.958507
-1.473032
-1.277712
-0.806239
-1.132107
-0.465573
-1.426415
-0.943292
-0.385657
-0.621387
-0.609653
-1.224177
-1.740602
-1.062802
-1.061317
-1.188880
-1.079882
-0.567348
-1.010806
-1.234023
-1.371752
-0.850509
-2.242892
-1.032856
-0.377886
-0.949538
-1.121798
-0.836150
-1.393555
-1.497643
-0.827828
-0.784236
-0.570934
-0.445265
-0.356257
-0.647292
-0.517221
-0.695083
-0.952849
-1.225729
-0.666354
-0.610173
-0.725543
-1.056999
-0.562380
0.195560
0.428335
0.309146
0.322938
0.047731
-0.682108
-1.271752
-1.453570
-1.186597
-0.933138
-1.301112
-1.187050
-1.654195
-1.919340
-1.957587
-1.886467
-1.657295
-1.168116
-0.936288
0.101843
-0.266850
0.046280
2.429911
8.631799
-2.552753
-2.581725
-1.898656
-1.964176
-1.749382
-1.263709
-2.043679
-2.541781
-2.266382
-1.920914
-1.952757
-2.954791
-2.401169
-1.691191
-1.647597
-2.302382
-2.311023
-2.144293
-2.980344
-1.965860
-1.981471
-2.414035
-2.314973
-2.146133
-2.951195
-2.395893
-2.440275
-2.059997
-2.314049
-2.718343
-1.882884
-2.382522
-2.157140
-2.061948
-1.618567
-2.858099
-2.687690
-2.564230
-1.643678
-2.315048
-2.233483
-2.056837
-1.688086
-2.248655
-1.718804
-1.603263
-1.618043
-1.809390
-1.864710
-1.747296
-2.849474
-2.632382
-2.261233
-2.543817
-2.898784
-2.372539
-3.027828
-2.750522
-2.091321
-2.559800
-3.418818
-3.371638
-2.129890
-2.626486
1.745393
-0.040300
-0.327523
3.714640
17.801991
1.383102
0.598713
0.539415
0.085136
-0.043146
-0.287183
-0.895460
0.150617
-0.242048
0.125495
0.405955
0.407436
0.889178
0.956554
1.051302
0.338915
-0.171118
0.706345
0.351289
0.513199
0.899767
0.083278
-0.326513
-0.137604
0.436991
0.469766
0.784542
-0.023757
-0.143095
-0.333370
0.442700
-0.151043
0.065529
-0.138534
0.039494
-0.262479
0.130635
-0.623934
-0.281987
-0.287915
0.603147
0.491803
-0.083691
0.650768
-0.308679
-0.189146
0.196383
-0.308342
-0.593945
0.303208
0.530740
0.781842
0.563025
0.339356
-0.280036
-0.305849
-0.448255
-0.285355
0.033982
0.272463
-0.750228
-0.613820
-0.046411
0.107213
2.899715
0.332695
2.280924
1.843069
3.213827
1.078003
-0.089633
0.161283
0.596525
0.824253
0.674966
0.093409
0.566443
-0.492121
0.356889
-0.002304
0.638037
0.312734
0.259143
0.420682
0.698721
0.825928
0.786912
1.252544
0.546577
0.801072
0.634942
0.326330
0.111618
0.844523
0.536610
0.139717
0.422645
0.507671
0.327309
0.949107
0.505083
0.694588
1.197058
0.659787
0.986025
0.801228
0.468741
1.090879
1.004381
0.568527
0.813834
1.497173
0.779990
0.497611
0.701677
0.439506
1.111344
0.482336
1.307326
0.725136
0.873112
1.308593
1.027426
-0.016577
0.816020
1.394170
0.793564
0.799519
1.422905
1.067266
1.178330
0.069971
-0.027589
1.652459
-1.157073
5.460495
1.752092
3.600680
-0.513863
-0.486504
-1.465836
-0.079503
-0.035467
-0.373140
0.306028
-0.866003
-0.345050
0.431439
0.016164
0.473302
0.137361
0.096684
-0.175274
0.289281
0.414220
0.551929
0.342529
0.243775
0.505307
0.021615
0.404913
-0.250908
-0.108844
-0.016672
-0.062578
0.618062
-0.429370
-0.643977
-0.305190
0.525167
0.391114
0.675425
0.626278
-0.443218
-0.632903
0.401278
0.117175
0.659022
0.060464
-0.002829
0.055854
0.057381
0.652002
0.191401
-0.001946
0.366487
0.375632
0.869143
0.361682
1.024801
0.222384
-0.058490
-0.077334
0.611929
0.481165
0.884793
0.636694
0.532152
0.386759
0.873990
-0.128744
0.603310
1.083016
-1.755027
8.863281
1.487269
1.643916
0.218885
0.438971
-0.190816
0.433483
-0.047372
0.571259
-0.496520
0.125102
-0.747728
-0.077430
-0.196397
0.343805
-0.831731
-1.105736
-1.208272
-0.856770
-0.516714
-0.173476
0.494161
0.132569
-0.121791
-0.713690
0.000683
-0.040761
0.121258
-0.019081
-0.908357
-0.322703
-0.108564
-0.501836
-0.011603
-0.308249
-0.775165
-0.250145
-0.159129
0.040002
0.476416
-0.530542
-0.160434
-0.618274
0.134266
0.146332
0.229554
0.077865
-0.689463
0.055137
-0.422036
0.417831
-0.323155
-0.055548
-0.154324
-0.409718
-0.111946
-0.606763
-0.161314
-0.589467
-0.174839
-0.424207
-0.330012
0.161409
-0.321038
0.394718
-0.480929
0.136566
3.296893
-1.034685
2.113964
4.245586
18.281269
2.003496
1.746540
1.904752
0.830958
1.028016
1.072944
0.384463
0.447862
0.125797
0.462385
0.061778
0.540404
1.122831
0.385058
0.132299
0.823289
0.866410
0.835744
0.924680
0.278403
0.909516
1.206096
0.429503
1.139606
1.002123
0.088942
0.876015
0.756729
0.598351
0.350636
0.580577
0.337710
0.459448
1.154429
0.149966
0.452917
-0.784046
0.176218
0.844440
0.634021
0.826886
-0.090349
0.395314
1.160297
0.898084
1.341714
0.341872
0.506631
0.238264
0.441409
0.729981
0.801882
0.442143
0.715243
0.755293
0.475767
0.859113
0.667314
0.598387
0.576521
0.012678
0.417033
-0.016405
-0.179627
0.304330
2.578242
13.722741
1.462961
1.568781
-2.687207
-1.936407
-1.523628
-0.637324
-1.222639
-0.591306
-0.867940
-0.583646
-0.614788
-0.967478
-1.379722
-0.693558
-1.215764
-0.824083
-0.937147
-0.800505
-1.034371
-0.986012
-0.499151
-0.783459
-0.943213
-1.336375
-1.319993
-1.555346
-1.278120
-1.354655
-1.060251
-1.745803
-1.308610
-1.684147
-0.913596
-1.202722
-1.156122
-0.918722
-1.224871
-1.463685
-1.917834
-1.731000
-1.694445
-1.390194
-2.076144
-1.223087
-1.281238
-1.289261
-1.063261
-0.644846
-1.193272
-1.325302
-2.311125
-1.405021
-1.113148
-1.247402
-1.341400
-1.055691
-1.348848
-0.942000
-1.719466
-1.794155
-1.116258
-1.728845
-1.233175
-2.197590
-1.963373
-1.616185
0.412378
-2.575679
14.739662
1.384418
1.193009
-0.691607
-0.594274
-0.723887
-0.307511
-0.755830
-0.757762
-0.368570
-0.656322
-0.715048
-1.615805
-0.977840
-0.849519
-1.097199
-0.951285
-1.782130
-1.583976
-0.908270
-0.492695
-0.786604
-0.921870
-1.422634
-0.842934
-1.357570
-1.108470
-1.059411
-1.484707
-1.917109
-1.580434
-1.683288
-1.563855
-0.857689
-1.588052
-1.274891
-1.967458
-1.443357
-1.626031
-1.159364
-1.332881
-1.149633
-0.865905
-1.322711
-1.394706
-1.337169
-1.597313
-1.349856
-1.362750
-0.862321
-0.959703
-1.336423
-0.744314
-0.789407
-0.513420
-0.443004
-1.328164
-1.133371
-0.271667
-0.555431
-0.285766
-0.651831
-0.226765
-0.569455
-0.495939
-0.330114
-0.637610
0.126701
-0.082067
-0.061076
2.198920
4.661310
-1.884851
-3.048221
-1.600188
-1.554925
-1.575996
-1.115685
-1.553881
-1.243103
-1.215269
-1.860476
-1.243649
-1.924124
-2.221318
-1.931999
-2.155595
-1.778147
-1.999594
-1.668572
-1.608618
-2.758250
-2.149773
-1.589512
-1.952475
-1.330162
-1.826662
-2.080829
-2.439380
-1.563124
-2.150375
-2.379094
-1.804980
-2.577140
-2.225757
-2.578445
-2.443038
-2.177958
-1.715898
-2.608352
-2.552091
-2.607325
-2.486014
-1.912105
-2.505401
-2.371469
-2.339843
-2.494664
-2.425172
-2.766769
-2.175368
-2.171991
-2.795493
-2.547088
-2.211643
-2.383918
-2.811626
-3.306950
-2.855642
-1.755352
-2.239887
-2.955815
-2.585719
-2.340548
-3.121881
-3.070182
1.824123
0.402123
-0.179776
3.677661
15.146817
1.488999
1.375782
1.064870
0.709498
-0.331562
0.316387
0.804070
0.902036
0.028697
0.262406
0.209965
0.061071
-0.028547
-0.345555
-0.034525
-0.404187
-0.099525
-0.239982
0.646100
0.207691
0.157212
0.370477
-0.832832
-1.238151
-0.562517
-0.031843
-0.329343
-0.419425
-0.366303
-0.055008
-1.103909
-0.334891
-0.699049
-0.596474
-0.350175
-0.373621
-0.418173
-1.061106
-0.066429
0.251746
-0.103125
-0.015338
-0.640553
0.030813
0.118577
-0.822642
-0.767918
-1.993321
-0.836535
-0.328449
0.294675
-0.298551
0.255903
0.508629
0.597519
0.470275
0.886332
-0.634897
0.125686
0.919630
0.360921
0.822326
0.977546
-0.107210
5.393002
0.178159
-1.182057
7.354325
54.185024
3.082280
2.145742
1.907148
1.266636
0.794852
0.593824
0.322544
0.731161
0.224724
0.408129
0.351278
0.211035
0.176948
0.118729
-0.159886
0.013836
-0.561317
-0.557840
-0.785447
-0.479974
-0.494886
-0.434978
-0.001186
-0.108194
-0.330371
-0.385709
-0.412749
-0.296089
-0.533982
-0.705941
-0.616917
-0.453240
-0.450562
-0.552641
-0.597424
-0.625273
-0.778494
-0.765616
-0.805319
-0.732937
-0.842761
-0.972650
-0.945060
-0.564955
-1.131444
-1.111803
-0.968574
-0.976035
-1.068359
-1.021456
-0.941371
-0.983360
-1.028250
-0.672381
-1.091754
-0.969243
-1.173113
-0.824912
-1.117023
-0.598724
-1.186077
-0.949490
-1.382017
-1.009203
0.751771
-0.090383
0.190148
6.104580
39.821198
1.061576
0.645355
-0.222707
-0.032045
-0.080654
0.009805
-0.294589
-0.250609
-0.138369
0.013686
-0.047738
-0.380566
-0.580677
-0.781359
-1.298049
-0.626026
-0.621457
-0.218302
-0.897970
-0.805415
-0.723860
-0.535607
-0.572029
-1.610209
-0.793346
-0.501471
-1.116152
-0.558886
-0.084906
-0.202225
-0.933725
-2.000509
-1.430409
-0.606296
-1.036239
-1.362549
-1.228799
-1.592345
-2.104408
-1.226863
-1.487135
-1.759849
-1.450739
-1.534557
-1.796578
-1.886958
-1.466922
-2.716895
-1.562336
-1.831957
-1.225783
-2.404462
-1.717199
-1.581808
-1.220881
-2.277359
-2.255522
-2.351628
-1.059704
-1.827456
-1.612805
-2.466450
-2.296481
-1.513879
1.115079
-0.789094
-0.210705
4.653045
21.117846
1.111828
1.373716
1.236792
0.569337
-0.157719
-0.466975
-0.253357
-0.802144
-0.787789
-0.592762
-0.742777
-0.623199
-0.498777
-0.946296
-1.524285
-1.555535
-1.311997
-1.275449
-0.978011
-1.361282
-1.262930
-0.605802
-1.102108
-0.987167
-0.525503
-1.337715
-1.598238
-2.013520
-2.259939
-1.020368
-1.819900
-2.113333
-1.706651
-1.334480
-1.828628
-1.918223
-1.968273
-1.659179
-1.531839
-1.802692
-2.630622
-2.451163
-1.247530
-1.753866
-1.386044
-1.924151
-1.701973
-1.493177
-2.428385
-2.200901
-1.248084
-2.009655
-1.559272
-1.421082
-1.968395
-2.421484
-1.988821
-2.013379
-1.989153
-1.626888
-1.795708
-1.661443
-1.806890
-1.978292
2.607682
0.333105
-0.499468
3.786265
17.101805
1.837138
1.532874
1.023288
1.214758
1.317791
0.526468
0.088605
0.834664
0.822177
1.426867
1.268922
0.858473
0.825940
0.538432
1.013949
1.091516
1.086675
0.110933
0.576558
0.287782
0.195459
-0.203438
0.006566
0.369890
0.833430
0.333525
0.224001
0.411842
0.000801
0.545018
0.164439
0.063048
0.210431
0.753095
0.297397
0.398028
0.042892
0.452543
-0.218925
0.046826
0.185778
0.993520
0.652374
0.352946
-0.274916
-0.564962
-0.698426
-0.420536
0.459216
0.187290
0.148141
0.477408
-0.034995
0.239091
0.063520
-0.647987
-0.123729
0.332104
0.321066
0.165586
-0.727762
-0.134500
-0.602248
0.459396
0.266647
0.420142
-0.258107
3.675640
14.354574
-0.930311
-1.194522
-0.512837
-0.266059
-0.975844
-0.329651
-0.742932
-1.090001
-2.429883
-1.670570
-0.807296
-1.235657
-1.266782
-1.083354
-1.427588
-1.915032
-2.021233
-1.985620
-1.596170
-1.272323
-1.100176
-1.507132
-1.910787
-1.795130
-1.675896
-1.520925
-1.518435
-1.710837
-1.938335
-1.694399
-1.406473
-1.461228
-1.483979
-2.199590
-1.218614
-1.307219
-1.397752
-1.264369
-1.346716
-1.108568
-1.143047
-1.109577
-1.233942
-1.428221
-1.613485
-1.883598
-1.691706
-1.473978
-1.030371
-1.117801
-1.606766
-1.955297
-2.481242
-2.604439
-1.874801
-1.647487
-1.541587
-1.390104
-1.458086
-2.307456
-2.354275
-1.666182
-2.421708
-3.462770
0.354726
-0.511904
0.332856
2.829919
9.123004
-1.305837
-0.980447
-1.057912
-1.289796
-0.816933
-0.236866
-1.021660
-0.440300
-0.763541
-1.037682
-1.583473
-1.520177
-1.614746
-1.383313
-1.430825
-0.878278
-1.502935
-0.972044
-1.209419
-1.340161
-1.206382
-1.414028
-1.489304
-1.175468
-1.301327
-1.763858
-1.288998
-1.288780
-0.805562
-0.963775
-1.208072
-0.547015
-1.256120
-0.831953
-0.793244
-0.735660
-0.755486
-0.815702
-1.224840
-1.383637
-1.384026
-1.017074
-0.993059
-1.065149
-0.728746
-1.314532
-0.963482
-0.216494
-1.251544
-0.548434
-0.676056
-1.407852
-1.024762
-1.139328
-0.962620
-1.425804
-1.519399
-1.267055
-1.713611
-1.371772
-1.001191
-1.718461
-2.286153
-2.179634
0.061740
0.133483
-0.705706
1.184121
0.645170
-2.170988
-2.701220
-2.720626
-1.992891
-2.148550
-2.917530
-1.991958
-2.342046
-4.110599
-2.707591
-2.300335
-2.712567
-2.283942
-2.900830
-2.386584
-2.662187
-2.604160
-2.531652
-2.048664
-2.779454
-2.163806
-3.126428
-2.510652
-2.551317
-2.559186
-3.200160
-3.002697
-2.468590
-3.256160
-2.512593
-3.265274
-2.564624
-3.171829
-2.904488
-2.698779
-2.532712
-2.166700
-2.488002
-3.093695
-2.794523
-2.496695
-2.822761
-3.402751
-2.923380
-2.412014
-2.025462
-2.240521
-3.554354
-2.587630
-2.360395
-2.051699
-2.487835
-3.137389
-3.204411
-3.145304
-2.450834
-2.685388
-2.158214
-2.396386
-2.781172
-2.653072
-3.135175
-3.490887
-3.948855
40.038307
0.753668
-1.108256
6.095272
38.785175
4.760704
4.059886
3.911491
2.975443
3.223387
2.780260
2.737019
1.913196
2.632353
1.896433
2.102957
1.903971
1.939440
1.684125
1.578506
1.477524
1.331555
1.352008
1.269434
1.242947
0.740183
1.233166
1.329786
1.255249
1.096482
1.283932
1.385909
1.165097
1.036071
1.268578
1.343567
1.216561
1.303558
1.066984
0.974328
0.700998
0.480814
0.776700
1.032764
1.032743
1.262437
0.819690
0.085144
0.791711
0.917860
0.603387
0.170674
0.578545
0.730357
0.795148
0.728602
0.830493
0.515291
0.602137
0.749669
1.034256
-0.017599
0.879891
0.921462
0.661070
0.059414
1.058270
0.662129
0.761927
2.759724
-4.389089
29.434551
0.815065
0.023467
-0.202218
0.005379
0.806245
0.897864
-0.063225
1.092031
1.148560
0.450973
0.998018
1.113750
0.555493
-0.338921
0.899787
0.932782
1.086074
1.095189
0.069308
0.588785
1.222861
0.984711
0.675906
1.053302
0.300488
0.678964
1.267301
0.911810
0.305967
1.107798
0.860123
0.366603
1.024642
0.863013
0.249907
0.749421
0.735480
0.288069
0.879174
1.004010
0.680087
0.753645
0.459353
0.753529
0.171087
-0.087772
0.133633
0.647783
0.998536
0.766906
0.552744
0.560156
0.576646
0.160779
0.866045
0.758259
0.152053
0.527806
0.763139
0.886761
0.557868
1.106280
0.570838
0.402380
0.736665
0.638614
3.772480
-3.089007
13.711033
1.139202
0.172006
0.575816
0.827023
0.731592
0.354484
0.414461
1.332312
0.917637
0.291924
0.361319
0.995355
1.345300
1.568245
1.379637
0.752101
1.462727
1.065153
0.631502
0.698779
0.621469
1.293147
1.510396
0.795851
0.716886
1.162969
1.241750
0.830931
1.522028
1.177430
1.062534
0.894101
0.739141
0.316035
1.458856
1.507514
1.052060
1.203872
0.439094
0.795630
0.943590
1.332438
0.784647
0.966869
0.373535
0.630979
1.103108
1.366670
0.608198
0.972130
0.716392
0.813486
0.527897
1.072922
0.954495
1.117860
1.422474
0.456741
0.194471
0.506202
1.064469
0.611544
1.511699
0.592237
0.775585
0.099713
1.888882
2.858100
11.808462
1.213836
0.450450
-0.059995
-0.657375
0.347556
0.376825
0.009448
0.846263
0.780673
-0.153942
0.248949
0.362983
-0.541946
-0.121868
0.395372
0.069837
0.663043
0.726044
-0.082220
0.331724
0.247046
-0.351378
0.659529
0.382170
0.047474
0.614817
0.563319
-0.143655
0.919060
0.930092
0.193705
0.234687
0.228634
0.086887
0.717924
0.879635
0.202387
0.102240
0.053330
0.136460
0.303345
0.407166
0.201728
0.318932
0.170614
0.369658
0.777622
0.890596
0.112078
0.896455
0.587435
0.557030
0.452422
0.671758
0.394748
0.827320
1.003605
0.279895
0.300951
0.188009
0.334667
0.114393
0.781218
0.252947
0.069899
-0.103743
2.349232
-0.238993
-0.269771
4.088228
17.689848
1.798068
0.602091
1.588631
1.565163
1.323217
0.504897
0.554208
-0.159364
1.078403
0.286678
0.400853
0.252889
-0.509416
-0.077247
0.458783
-0.127735
-0.012142
-0.588801
0.320056
0.068219
-0.149978
0.371270
0.176365
-0.613154
-0.006094
0.074087
-0.357296
0.295011
-0.256693
-0.280471
0.207841
-0.067389
-0.832314
0.110161
-0.812672
-0.763856
-0.455711
0.353620
0.403281
-0.605059
-0.236984
0.042913
0.113206
0.742340
0.922427
0.688179
0.464805
-0.364070
0.551631
0.497638
0.608858
1.064002
0.537477
0.309530
0.644967
0.386865
0.028318
-0.172175
-0.120315
-0.328863
0.305056
-0.030158
0.305127
-0.392540
0.289670
0.168889
-0.912405
1.920928
4.111131
-0.779873
-0.781533
-0.642366
-0.431822
-0.686794
-0.453331
-1.039440
-1.457616
-1.099929
-0.965740
-1.049528
-1.788332
-1.759326
-1.808231
-1.659889
-2.246753
-2.193332
-1.254492
-1.590562
-1.086264
-1.970971
-2.251073
-1.640748
-1.838031
-1.787697
-0.833817
-0.868456
-1.578020
-1.624598
-1.495396
-1.336737
-1.648391
-0.932947
-1.651057
-1.944042
-1.345596
-1.497980
-1.142887
-0.875853
-0.809832
-0.843377
-0.698907
-0.857896
-0.956008
-1.003873
-1.238083
-2.438981
-1.817601
-1.058972
-1.097293
-1.747230
-1.110750
-1.409628
-2.164034
-2.056659
-2.935885
-1.448254
-1.919654
-2.338728
-1.891753
-1.713001
-1.431279
-2.240729
-1.426322
0.249148
0.208909
0.022746
1.701146
3.503056
-2.040126
-1.789864
-1.038245
-1.590475
-1.838196
-0.798812
-0.812915
-1.254515
-1.436689
-1.359938
-1.050973
-0.909719
-0.877005
-1.863652
-1.860066
-2.440500
-2.446589
-2.013164
-1.973861
-2.800216
-2.110005
-1.889928
-1.841830
-2.406336
-1.828164
-1.369893
-2.521466
-2.223508
-2.432041
-1.292795
-0.733245
-0.926637
-0.804114
-1.704985
-1.857329
-1.856507
-1.023465
-1.136608
-0.520772
-0.863466
-1.418759
-1.035542
-1.085315
-0.925392
-1.016422
-1.004363
-1.300635
-2.014325
-2.039204
-1.585848
-0.956094
-1.086753
-1.131245
-1.819689
-2.676798
-1.935606
-3.166592
-2.372612
-2.140891
-1.553405
-3.189328
-2.241071
-1.898128
-2.323021
0.124439
0.239779
-0.526118
1.402616
1.566871
-1.631085
-1.627110
-1.641655
-1.521706
-1.830663
-1.681507
-2.479127
-2.970217
-2.293016
-2.884827
-2.586593
-3.049019
-2.704584
-1.692335
-2.161161
-2.226686
-2.297235
-2.648325
-2.802941
-2.063546
-1.933597
-2.163189
-2.224319
-2.313183
-1.805358
-2.374628
-2.405022
-2.694448
-1.957485
-2.635211
-3.233175
-2.160758
-1.998809
-2.229987
-1.755261
-1.668481
-1.860854
-1.442429
-1.930161
-1.444202
-1.486824
-1.500604
-1.322670
-1.965691
-1.504139
-1.243638
-1.985002
-2.241396
-2.628381
-2.061373
-1.722259
-1.991343
-1.615053
-2.830729
-2.921240
-2.423981
-2.069164
-2.431792
-2.512402
-2.696384
-2.311318
-1.628088
-1.385557
-1.778501
