9.294167e-07
6.363827e-06
0.99996316
4.6551807e-07
1.6923408e-08
2.911163e-05
1.5837068e-07
1.7687428e-06
0.99987566
1.8806983e-07
1.4502389e-08
0.0001221953
1.9387126e-07
1.10481e-06
0.9999832
9.402508e-08
8.231882e-09
1.538607e-05
2.7550849e-08
3.256294e-07
0.99999404
3.6214907e-08
3.6204095e-10
5.6602803e-06
1.8730397e-09
3.4087467e-08
0.9999999
1.1790063e-09
5.380487e-12
9.384318e-08
7.365799e-08
4.205739e-07
0.999995
9.921451e-08
5.2890763e-09
4.378203e-06
4.3774716e-07
3.1719767e-06
0.99997723
7.8189436e-07
6.994136e-08
1.8182302e-05
7.308491e-08
6.137278e-07
0.99999666
9.2840196e-08
1.3663318e-09
2.51911e-06
4.9162804e-08
7.1402536e-07
0.9999964
7.36581e-08
2.3447257e-09
2.6868206e-06
2.3362232e-07
3.6975455e-06
0.99997115
3.607828e-07
8.635263e-09
2.4610596e-05
7.416327e-08
6.94765e-07
0.99999535
1.06649765e-07
1.4715954e-09
3.7632071e-06
9.65244e-09
1.5901023e-07
0.9999995
1.0076232e-08
5.7845662e-11
3.7884706e-07
5.2325877e-09
1.0706763e-07
0.9999995
3.3817136e-09
1.3395085e-11
3.297915e-07
8.567031e-10
1.20243975e-08
1.0
4.9533777e-10
1.2410802e-12
2.555528e-08
6.306466e-08
2.7988952e-07
0.9999963
7.0147905e-08
2.0834066e-09
3.2282887e-06
2.567701e-06
4.604321e-06
0.99957067
9.300984e-06
4.2618248e-07
0.00041244892
1.0055075e-09
1.31162485e-08
1.0
4.086492e-10
4.5708216e-12
2.2202812e-08
1.6724362e-09
5.4524836e-08
0.9999999
1.6225644e-09
4.0852716e-12
7.301381e-08
1.0609909e-09
1.3559058e-08
0.9999999
5.842207e-10
2.3231757e-12
6.148379e-08
7.467141e-08
1.0388918e-06
0.9999877
1.2311234e-07
1.2367801e-09
1.1028239e-05
1.9336128e-05
8.2367755e-05
0.99705505
0.00017522606
9.33982e-07
0.002667063
4.3470695e-08
1.6536809e-06
0.9999931
8.169121e-08
4.796259e-10
5.153739e-06
1.1550737e-09
9.83468e-08
0.9999999
7.3636364e-10
6.072214e-13
2.6238059e-08
3.6882342e-10
3.3657457e-08
1.0
2.9376465e-10
2.6141787e-13
1.8496875e-08
2.643989e-09
1.13972895e-07
0.9999995
3.2394831e-09
7.289897e-12
3.8256485e-07
8.3278123e-10
6.8781096e-09
0.9999999
6.212927e-10
2.159103e-12
6.172443e-08
2.8480907e-08
1.1432345e-06
0.99999154
6.22688e-08
2.5899116e-10
7.1065006e-06
4.6010183e-07
2.0519894e-06
0.9999789
1.3483585e-06
8.8660475e-09
1.7265194e-05
8.8590207e-07
1.7028795e-05
0.999864
2.718132e-06
3.5164742e-08
0.00011535239
1.4679518e-06
7.0549735e-09
0.9999982
5.2538454e-08
3.0496135e-08
3.866961e-07
1.5967706e-05
7.3369705e-08
0.9999796
1.4018627e-07
2.1712474e-07
3.9902325e-06
7.2254606e-06
3.9272418e-08
0.99999106
3.534663e-07
9.6632306e-08
1.1714884e-06
1.783063e-05
1.3494726e-07
0.9999776
1.7517326e-06
7.0558805e-08
2.5239867e-06
8.509938e-09
2.5299376e-10
1.0
5.9807514e-10
5.391811e-11
2.0137076e-08
6.4759445e-07
2.2008498e-08
0.9999988
6.805628e-08
6.5503247e-09
2.9881573e-07
1.9108288e-06
1.1319596e-07
0.99999523
2.2732623e-07
1.7461174e-08
2.548801e-06
7.803834e-07
1.335278e-06
0.99999607
2.4388564e-07
1.3638687e-08
1.56415e-06
3.415411e-08
3.7182712e-08
0.9999999
7.336024e-09
1.8654588e-10
4.8495394e-08
1.7461257e-08
2.2134556e-09
1.0
2.8616283e-09
1.0525771e-10
1.8299241e-08
1.9102675e-08
1.6236651e-11
1.0
3.4647754e-10
1.368599e-11
1.1516947e-09
4.2755268e-08
6.479377e-10
1.0
3.5787862e-09
2.6900744e-11
8.627083e-09
4.3350278e-07
9.110651e-10
0.9999995
1.876981e-08
3.7062856e-10
1.3975808e-08
3.6326782e-07
6.3923458e-09
0.9999995
3.5376182e-08
1.1539458e-09
1.0107305e-07
1.9969377e-05
2.6033316e-08
0.9999784
6.981539e-07
6.538386e-08
7.4245554e-07
1.0387493e-07
7.449325e-11
0.9999999
2.5476716e-09
1.2138772e-10
5.7244707e-09
2.4796924e-07
1.2307707e-09
0.99999976
1.2309545e-08
1.1629967e-09
3.3558987e-08
1.613326e-08
4.1508447e-10
1.0
1.4716023e-09
2.8246853e-11
4.7457536e-09
7.387447e-08
2.9156556e-08
0.9999999
1.959391e-08
1.3958004e-10
5.5763373e-08
1.3921328e-08
1.5619297e-09
1.0
2.2971387e-09
2.1934315e-11
2.0959705e-08
1.0407801e-07
2.8528307e-10
0.9999999
4.6539617e-09
1.7101705e-10
1.0663434e-08
1.9899502e-09
4.1868627e-11
1.0
1.4843717e-10
5.812015e-12
9.075137e-10
5.5329426e-08
1.4291144e-09
1.0
4.820488e-09
2.7704644e-10
2.462432e-08
5.4039653e-09
1.548262e-09
1.0
1.2069657e-09
9.134658e-12
1.917744e-08
2.4178778e-06
3.541065e-08
0.9999968
2.233655e-07
3.4720564e-09
5.2035574e-07
1.5115941e-06
2.2289667e-08
0.999998
1.2764339e-07
1.053918e-08
4.0723754e-07
1.269165e-06
1.6943045e-07
0.999997
3.4025936e-07
7.006902e-09
1.1806835e-06
3.0475333e-06
2.734052e-07
0.9999938
5.1178677e-07
7.7950354e-08
2.293669e-06
1.4435697e-07
1.4110857e-09
0.9999999
9.6713135e-09
3.32554e-10
3.1990954e-08
1.7843118e-07
7.502661e-09
0.99999964
2.8732563e-08
2.223957e-10
7.337117e-08
5.2495045e-07
4.3983377e-08
0.99999905
8.6960355e-08
3.461907e-09
2.3454322e-07
3.7291805e-08
7.0343473e-09
1.0
8.509938e-09
1.7575782e-10
5.1724008e-08
2.2445944e-07
1.6548132e-08
0.9999995
4.4328363e-08
1.7305871e-09
1.9236569e-07
2.72607e-07
9.603991e-10
0.99999964
1.2047901e-08
2.6856264e-09
6.1724414e-08
3.2377548e-06
5.7645664e-08
0.9999945
3.7260764e-07
9.892422e-08
1.6408143e-06
2.284399e-07
2.8897096e-09
0.9999995
1.12298775e-08
9.156612e-09
1.848157e-07
7.3024506e-07
3.3629527e-07
0.99999714
3.1499596e-07
5.848772e-09
1.4579497e-06
1.0697901e-06
2.0117394e-08
0.9999987
1.08012706e-07
1.4389152e-09
1.3508196e-07
3.653482e-08
1.09697424e-08
1.0
1.2047906e-08
3.413882e-11
4.304854e-08
1.1429028e-08
6.871397e-09
1.0
3.2937142e-09
1.1809588e-11
2.0414278e-08
3.795312e-08
4.6448814e-09
1.0
5.741267e-09
5.4023522e-11
4.0757538e-08
1.1946022e-06
1.4405351e-08
0.999998
1.1100685e-07
1.9441392e-08
7.316733e-07
1.3485551e-05
2.873616e-07
0.99997544
4.3095977e-07
3.8180917e-07
9.904856e-06
0.0016403368
5.881416e-06
0.99828064
9.518553e-06
7.738528e-06
5.5910416e-05
8.0661195e-08
9.74571e-10
0.99999964
7.695597e-09
3.638694e-09
1.9444327e-07
1.7892805e-08
5.0117666e-10
1.0
1.7907613e-09
2.0505016e-11
8.927051e-09
8.3384386e-08
1.6257367e-09
0.9999999
9.147678e-09
8.4411915e-11
2.9385234e-08
7.7280197e-07
1.4055834e-09
0.99999917
2.6703333e-08
8.744529e-10
7.741972e-08
6.628534e-08
3.1123404e-09
0.99999976
8.601844e-09
3.4817338e-10
6.2635245e-08
4.569767e-07
1.522997e-08
0.9999994
5.4684786e-08
1.0599547e-09
1.1991004e-07
3.5978876e-06
7.2952895e-07
0.9999926
1.0739705e-06
2.6625042e-08
1.9772642e-06
1.6877037e-07
4.829911e-09
0.99999976
1.9271303e-08
6.1465427e-10
6.443445e-08
4.1934538e-07
1.758102e-08
0.9999994
5.1371604e-08
2.2199484e-09
1.3720928e-07
7.578545e-07
1.02449045e-08
0.99999905
8.2978154e-08
9.164186e-10
9.37515e-08
3.1228587e-06
3.8138744e-08
0.99999607
3.2215078e-07
9.103086e-09
3.5763463e-07
2.2777168e-07
1.5212839e-09
0.99999976
1.415437e-08
4.9824855e-10
2.5159077e-08
2.5530337e-08
2.2501732e-10
1.0
1.4587249e-09
7.852704e-11
9.147679e-09
2.1400283e-06
1.4323301e-07
0.99999595
3.4900899e-07
2.9731499e-08
1.372293e-06
3.330279e-07
6.1835848e-09
0.9999995
2.820435e-08
7.969766e-10
1.054077e-07
1.4518363e-08
3.6280507e-09
1.0
3.4215777e-09
3.9447334e-11
3.2526493e-08
3.1742005e-08
2.7332527e-09
1.0
6.7913426e-09
5.773282e-11
3.7255408e-08
3.7694562e-08
2.5676534e-09
1.0
7.2576416e-09
2.9200482e-11
4.4982507e-08
1.2776832e-07
2.973161e-08
0.99999964
3.7620996e-08
3.1424136e-10
2.2489829e-07
1.2444347e-07
2.7443594e-08
0.99999976
2.7097391e-08
1.1162606e-09
1.6992803e-07
1.6860567e-07
3.124522e-09
0.9999999
1.1034206e-08
9.501377e-10
4.9259086e-08
1.0905655e-08
7.0332973e-10
1.0
1.3438404e-09
1.2856798e-11
6.91853e-09
4.4894733e-08
3.8053113e-10
1.0
2.486226e-09
1.1594216e-10
6.9252897e-09
8.364145e-07
6.6404966e-09
0.99999905
5.3574723e-08
8.961982e-09
1.3350825e-07
2.991079e-07
5.041969e-09
0.9999995
2.7018116e-08
2.1474496e-09
8.169174e-08
2.9856737e-06
3.5037448e-07
0.9999945
5.731744e-07
1.1967549e-07
1.4466e-06
8.705829e-07
5.463137e-08
0.9999987
1.1198688e-07
9.69021e-09
2.9706996e-07
7.238561e-07
9.2117894e-08
0.9999987
1.291481e-07
8.288476e-09
3.8443707e-07
1.360087e-07
2.7412719e-09
0.9999999
1.0066401e-08
1.1108235e-09
4.627463e-08
7.795083e-08
3.3260363e-09
0.9999999
9.085359e-09
2.502906e-10
3.7255404e-08
9.313893e-06
3.9310397e-08
0.99998105
5.208559e-07
7.330914e-07
8.430852e-06
6.960226e-08
3.1919004e-10
0.9999999
3.5648333e-09
7.686939e-10
2.342795e-08
4.525349e-07
5.479159e-08
0.9999975
9.0071794e-08
2.403036e-08
1.93903e-06
1.2979963e-06
1.4361076e-09
0.9999987
4.385469e-08
4.5997357e-09
5.4100457e-08
8.146487e-07
7.3503585e-09
0.9999989
4.9019103e-08
2.1773348e-08
1.9539489e-07
1.740051e-05
9.8056496e-08
0.9999733
6.245968e-07
1.1026434e-06
7.549932e-06
3.3959628e-07
1.7578398e-09
0.9999995
1.6808725e-08
3.5892844e-09
7.910106e-08
6.263525e-08
7.6122364e-10
0.9999999
4.095092e-09
6.4101463e-10
2.1794643e-08
6.866728e-07
1.4492174e-07
0.99999833
1.4577338e-07
2.4218851e-08
7.3741217e-07
4.238743e-07
1.9863624e-08
0.9999993
4.0361424e-08
2.8204346e-08
2.8736844e-07
1.6259795e-08
2.7225968e-09
1.0
3.220559e-09
7.625982e-11
2.6781704e-08
2.7875775e-08
1.0599553e-09
1.0
2.5057256e-09
1.6591736e-10
1.6117513e-08
1.2677404e-07
1.5349427e-08
0.99999976
2.1773365e-08
1.2140583e-09
1.2714598e-07
2.379689e-08
2.4548619e-09
1.0
4.3805404e-09
1.8892926e-10
5.0773135e-08
3.59684e-08
3.8658134e-09
1.0
5.7300644e-09
5.2522864e-10
4.859021e-08
2.1688484e-08
2.6673308e-09
1.0
3.418238e-09
4.768271e-10
4.0008267e-08
6.424595e-08
2.6807864e-08
0.99999976
1.61964e-08
4.0586512e-10
9.970062e-08
7.3453754e-07
1.2940059e-07
0.9999987
1.6910013e-07
5.791942e-09
4.156756e-07
5.193414e-07
4.868515e-08
0.9999988
6.1845036e-08
3.5514617e-08
4.4032913e-07
3.924026e-07
4.7003308e-08
0.99999905
6.0235685e-08
1.4532534e-08
3.7406767e-07
2.1649387e-07
1.6164794e-08
0.9999995
2.739004e-08
8.909629e-09
2.696942e-07
3.6260876e-06
5.6153556e-07
0.9999875
7.4682544e-07
4.8978006e-07
7.169206e-06
3.476491e-07
1.2714577e-07
0.9999981
7.9565794e-08
2.4266196e-08
1.2853814e-06
1.6745699e-07
1.824298e-09
0.99999976
1.0980458e-08
3.8021635e-09
1.04078005e-07
1.5550156e-06
6.555744e-10
0.99999845
3.1649094e-08
5.5267084e-09
3.2653748e-08
1.4765769e-06
6.852299e-08
0.99999726
1.6976173e-07
7.445367e-08
9.893926e-07
3.6362258e-07
5.1926403e-08
0.99999905
6.3559455e-08
8.88356e-09
4.3012903e-07
4.728655e-07
4.969386e-08
0.99999833
6.269635e-08
1.8935484e-08
1.0973e-06
1.1635155e-06
2.6314996e-08
0.9999981
8.963312e-08
3.171096e-08
6.2889677e-07
2.0041972e-07
2.3657853e-08
0.9999995
3.2431323e-08
1.8951178e-09
2.0417316e-07
3.3831805e-06
2.0459997e-06
0.99998534
1.2967121e-06
8.527722e-08
7.736618e-06
7.827779e-06
3.697029e-07
0.9999807
9.768952e-07
5.077973e-07
9.694376e-06
3.5589377e-07
6.201726e-09
0.9999993
1.5215104e-08
7.847376e-09
3.466325e-07
3.0585515e-08
2.6168987e-06
0.999995
1.554546e-08
2.968915e-11
2.3252462e-06
5.6243804e-05
0.57275397
0.42605048
5.1958486e-06
4.424936e-09
0.0011341084
2.4890469e-05
0.9917818
0.008147778
1.512409e-06
5.8690994e-09
4.398378e-05
4.7324957e-07
0.0001637838
0.9998336
2.3611297e-07
1.438463e-10
1.8864185e-06
6.214751e-08
1.35498e-06
0.9999949
3.503223e-08
1.6350382e-10
3.6832175e-06
5.0778004e-07
0.9999466
5.2201205e-05
1.6336071e-09
1.3887202e-11
7.482549e-07
1.6596667e-08
1.2841274e-06
0.99999857
8.468474e-09
1.2400521e-11
1.5262012e-07
1.6215669e-06
9.062056e-06
0.9999136
6.27004e-07
4.6361095e-08
7.5064956e-05
5.2581997e-09
4.817218e-07
0.9999994
1.1427316e-09
6.7949305e-12
9.175882e-08
1.5367759e-06
0.98057806
0.019419296
2.621031e-08
4.3320878e-11
1.1509919e-06
2.7581558e-07
1.4609964e-05
0.99998224
8.089645e-08
1.4845668e-09
2.7184535e-06
2.7848559e-08
5.4047707e-08
0.99999976
8.378001e-09
8.64981e-11
7.373032e-08
8.703217e-09
2.8517406e-06
0.99999714
4.380528e-09
1.5400262e-12
1.7495346e-08
2.9843528e-09
7.817953e-08
0.9999999
1.3359892e-09
9.846556e-13
8.1520195e-09
3.4628562e-07
2.4040573e-05
0.9999746
2.194686e-07
3.906882e-10
7.0707097e-07
1.2420064e-07
9.5227925e-08
0.99999964
3.9234422e-08
6.243336e-10
1.5532677e-07
7.904579e-06
3.122804e-06
0.99997854
3.2630965e-06
3.8593396e-07
6.834166e-06
1.3770527e-09
2.5975322e-10
1.0
2.6643296e-10
2.3875767e-12
2.226463e-09
2.2862906e-08
7.3217103e-09
1.0
5.3566778e-09
2.4258998e-10
3.4793747e-08
1.1330708e-07
1.6099375e-09
0.9999999
7.8015345e-09
2.019314e-09
4.3598536e-08
9.921499e-08
1.0959033e-08
0.99999976
1.5484929e-08
1.4249333e-09
8.225211e-08
6.5375514e-09
2.9409557e-09
1.0
1.381093e-09
2.960245e-11
1.5185426e-08
3.0140896e-08
9.174518e-09
0.9999999
7.994346e-09
1.9041102e-10
1.3896238e-07
1.672686e-08
1.3853519e-08
1.0
5.325383e-09
1.2329932e-10
5.669687e-08
6.0109233e-09
3.4556713e-08
1.0
1.5634558e-09
9.9349634e-12
2.0554307e-08
1.2418211e-08
2.3750452e-08
0.99999976
6.1175167e-09
6.091848e-11
2.4128067e-07
4.1191575e-09
1.15750485e-08
1.0
2.124506e-09
1.5675749e-11
3.7916077e-08
2.9082015e-05
5.9672417e-05
0.96067685
5.6986946e-06
4.2095405e-07
0.0392282
3.555438e-07
9.2477805e-08
0.9999919
9.1133025e-08
1.2812307e-08
7.4548275e-06
6.582395e-09
2.964022e-09
1.0
2.107973e-09
4.611172e-12
1.7718921e-08
8.106802e-07
1.2227494e-07
0.99999845
1.6230467e-07
2.5651432e-09
5.1379226e-07
2.3245633e-08
9.747167e-09
0.9999999
8.159985e-09
2.7138215e-11
5.9650354e-08
3.8626155e-08
3.1866232e-08
0.99999976
1.48336525e-08
1.1938912e-10
1.0417969e-07
2.2144138e-06
4.3229284e-06
0.999985
1.5794823e-06
1.1677056e-08
6.860958e-06
1.6243924e-08
1.4587249e-09
1.0
3.3521232e-09
9.800058e-12
2.5085482e-08
2.3506314e-05
1.4650342e-06
0.99996173
4.9706878e-06
1.4449249e-07
8.275703e-06
4.8875755e-08
2.151649e-09
1.0
5.559195e-09
3.3647407e-10
5.3574773e-08
1.49849275e-05
5.8225155e-06
0.99993277
8.131267e-06
4.8404746e-07
3.7782636e-05
2.415511e-06
1.360079e-07
0.99999404
3.6862627e-07
1.9805412e-08
3.053492e-06
3.9010988e-07
4.5914458e-08
0.99999857
9.1133636e-08
3.1153775e-09
8.748441e-07
4.9418054e-06
3.5549135e-08
0.9999937
7.0364035e-07
2.6336657e-09
5.6539085e-07
2.0918803e-08
1.4032607e-07
0.99999976
6.751664e-09
1.7453436e-11
1.5472122e-07
9.156611e-09
4.0086455e-08
0.9999993
3.3130674e-09
5.829934e-11
6.78011e-07
1.246863e-07
3.443213e-06
0.99999607
5.838225e-08
7.362509e-11
3.1561146e-07
1.802084e-06
8.0123334e-07
0.9999957
4.807801e-07
3.3001393e-09
1.1829902e-06
1.6926549e-07
4.016484e-08
0.9999995
4.3726434e-08
2.2856071e-10
2.489397e-07
4.570417e-06
1.2776738e-07
0.9999924
5.1378913e-07
6.5576614e-08
2.3711011e-06
1.0198041e-06
1.9365606e-08
0.99999845
1.1979289e-07
2.6388274e-09
4.0604638e-07
7.609277e-06
6.076691e-08
0.99999046
4.446466e-07
1.1576666e-07
1.345743e-06
1.5965616e-06
1.1768792e-08
0.999998
5.8782824e-08
5.0076117e-09
4.691855e-07
1.8813893e-05
2.359439e-06
0.99994445
3.3764409e-06
1.1794691e-06
2.9830553e-05
7.858464e-06
6.2634435e-08
0.9999869
1.4749003e-07
2.2270987e-07
4.855664e-06
2.7989037e-07
1.95939e-08
0.9999994
5.447159e-08
9.908852e-10
2.2184439e-07
1.2290769e-05
7.7052533e-07
0.99997854
2.5990282e-06
3.1839204e-07
5.3068834e-06
3.9708502e-06
2.7662782e-07
0.9999931
6.1733226e-07
8.338382e-08
1.8665604e-06
1.1145795e-06
5.587228e-08
0.99999785
2.4269812e-07
6.171509e-09
6.9816747e-07
3.298394e-06
4.9936954e-08
0.99999547
2.823601e-07
2.2508349e-08
9.864965e-07
6.012714e-07
3.300151e-09
0.9999993
3.9196113e-08
8.071588e-10
1.7226712e-07
2.2754658e-07
4.6100538e-07
0.9999876
9.767561e-08
6.8713115e-09
1.16027295e-05
9.3368235e-06
2.4816412e-05
0.9995104
3.3226513e-06
8.425626e-07
0.0004511933
2.8091597e-07
2.248759e-06
0.9997508
3.4184066e-07
1.738885e-08
0.00024632888
1.4885428e-07
4.030504e-07
0.9916511
2.8720447e-07
1.4781812e-08
0.008348048
6.785627e-08
4.429769e-06
0.99998534
6.6804255e-08
2.9693298e-10
1.0021709e-05
1.2456346e-07
2.910798e-06
0.999987
8.2653656e-08
1.2319575e-09
9.847102e-06
1.22493065e-08
3.469116e-08
0.9999769
2.4885976e-09
3.7719255e-10
2.3142235e-05
6.7704e-10
5.141366e-09
0.99999046
1.12154654e-10
3.967285e-12
9.590888e-06
2.699166e-08
4.4118892e-07
0.9999964
1.4689449e-08
2.2611792e-10
3.0624583e-06
1.0981264e-07
2.305079e-05
0.9999238
1.2286426e-07
4.2572626e-10
5.291859e-05
1.2838252e-07
8.655513e-06
0.9999125
3.4457747e-07
3.865475e-09
7.828413e-05
1.0345096e-08
5.1578616e-07
0.99996555
1.5499527e-08
8.74293e-11
3.3935463e-05
7.910985e-07
1.5014653e-05
0.9999614
6.920329e-07
6.575716e-09
2.2103708e-05
3.721858e-08
3.131527e-07
0.9999876
9.919897e-09
2.1618314e-10
1.20296345e-05
2.9350562e-07
2.875907e-06
0.99964666
3.07291e-07
2.1491102e-08
0.0003497258
6.2800226e-10
4.4632415e-08
0.99999917
3.2169323e-10
3.951262e-13
8.051579e-07
2.5359785e-07
9.133772e-06
0.9999839
2.0436947e-07
1.0946528e-09
6.426412e-06
7.74925e-08
1.4409137e-06
0.9999622
8.2894104e-08
1.7204123e-09
3.612399e-05
3.747907e-07
2.8350228e-06
0.9999769
5.0384375e-07
1.611714e-08
1.941174e-05
3.7909464e-07
2.1310038e-06
0.99967635
1.4891339e-06
2.4258389e-08
0.00031968474
4.0439872e-08
2.545914e-07
0.99998784
4.7278995e-08
5.6790067e-10
1.1912733e-05
1.9926792e-06
1.6717118e-05
0.9999461
1.5443411e-06
9.103991e-08
3.3474003e-05
1.272283e-05
1.811814e-05
0.99937207
2.9523748e-05
3.3547935e-06
0.0005641895
7.228138e-06
5.1664887e-05
0.9916079
9.473413e-06
6.2606097e-07
0.008323262
2.9470662e-08
4.9943293e-07
0.9999732
3.368944e-08
8.008565e-10
2.6403368e-05
5.391768e-07
1.8169005e-06
0.99939513
1.8401138e-06
6.848173e-08
0.0006005905
9.79484e-09
5.7029826e-08
0.99999607
6.9932233e-09
7.135989e-11
3.7964305e-06
5.0772638e-08
1.5336587e-07
0.9999902
3.5100555e-08
1.0114066e-09
9.534854e-06
1.6677895e-08
4.6546475e-08
0.999998
7.786297e-09
2.1179704e-10
1.9447198e-06
6.604075e-06
1.5102123e-05
0.9999107
2.8045458e-06
1.1014982e-06
6.370662e-05
6.411755e-08
8.671485e-07
0.9999522
2.6262443e-08
1.2537609e-09
4.6884605e-05
9.709065e-09
6.4057346e-08
0.9999895
7.3216335e-09
4.0230946e-10
1.0410801e-05
7.636327e-08
4.7514825e-07
0.99993134
8.7722086e-08
8.056493e-09
6.7949324e-05
9.709102e-09
4.3683485e-08
0.9999933
1.1870858e-09
2.0167276e-11
6.643433e-06
1.034671e-07
1.4866681e-06
0.9999722
5.2434572e-08
3.8052056e-10
2.6172298e-05
4.0635422e-07
1.1794508e-05
0.99977976
2.4430958e-07
2.9350089e-08
0.00020784128
7.734578e-06
3.847635e-06
0.9309335
8.177324e-06
1.0960892e-05
0.069035806
8.672324e-06
1.5399815e-05
0.9989237
9.53399e-06
1.4005915e-06
0.0010412975
5.8263174e-07
1.9652516e-06
0.9997583
3.7142988e-07
7.013121e-08
0.00023875193
6.429026e-07
1.209339e-06
0.9985877
8.2630976e-07
5.951686e-07
0.0014089792
4.2796134e-07
4.4587938e-07
0.99982953
2.984735e-07
7.118178e-07
0.00016848784
1.352438e-05
3.594118e-06
0.5747673
3.8184535e-06
0.0001614162
0.42505026
1.6914995e-05
4.6069614e-05
0.92755735
1.873869e-06
9.062791e-06
0.07236867
3.2200876e-07
2.4354017e-07
0.9937156
3.5841878e-09
1.253263e-09
0.0062837973
7.2577984e-07
5.414648e-07
0.9680191
6.3852944e-08
9.481629e-09
0.031979516
3.0094543e-06
9.639038e-06
0.9991392
2.6248927e-06
5.1335076e-07
0.0008450992
2.3229086e-05
5.306816e-05
0.96810955
1.681318e-05
1.7395186e-06
0.031795654
1.854823e-06
7.375774e-09
0.011125646
3.3190258e-07
7.480656e-06
0.98886466
2.4905612e-06
3.0754327e-06
0.9915645
1.7489094e-06
7.1785817e-06
0.008421007
9.728524e-07
2.6470707e-06
0.99973994
1.7596258e-07
3.641847e-08
0.00025638897
4.3779062e-07
6.8806906e-07
0.99617755
1.857346e-07
3.2565623e-07
0.0038207585
2.791522e-07
9.639265e-07
0.9954159
1.3186217e-07
5.5833954e-08
0.0045827595
1.8972723e-06
1.8569452e-06
0.9899961
5.647639e-06
3.8432663e-07
0.00999413
2.118864e-07
4.5429448e-07
0.999972
1.1497586e-07
2.6058583e-08
2.7188313e-05
9.197389e-06
1.080547e-05
0.9971631
2.8385337e-05
1.312133e-06
0.0027871833
6.7941924e-05
3.9941e-05
0.87206066
8.316294e-05
1.2866034e-05
0.12773535
4.5532266e-07
1.6736533e-06
0.9983278
5.4176616e-07
1.4881336e-08
0.0016695047
7.45855e-07
1.3220596e-05
0.99966383
1.6791695e-06
3.179337e-08
0.00032061865
5.3534427e-07
8.364771e-07
0.99035513
4.5835162e-07
1.4406446e-08
0.009642956
1.7919805e-05
3.59173e-05
0.9961845
2.2454531e-05
1.0565419e-05
0.0037286337
1.1345135e-05
8.724139e-06
0.9221407
2.5516772e-05
2.144535e-05
0.077792235
4.663466e-05
9.82447e-05
0.99851435
5.4788314e-05
2.8147577e-05
0.0012579843
1.1926386e-05
2.0586833e-05
0.9933431
2.280981e-05
5.650155e-06
0.0065957643
2.4151263e-06
6.425453e-06
0.9998348
2.4316926e-06
2.0354234e-07
0.00015371063
1.7701796e-06
8.998497e-06
0.9997111
1.082089e-06
7.545699e-08
0.00027694402
3.697017e-07
6.4631706e-07
0.99997747
2.7043916e-08
6.911621e-09
2.1423994e-05
1.1435863e-05
2.418609e-05
0.9991737
3.7748318e-06
1.3927573e-06
0.00078544184
0.00011313476
0.000113688526
0.99414104
0.00027192678
4.0378854e-05
0.0053196647
1.1858165e-06
1.7405838e-06
0.99652857
1.9512659e-06
1.183326e-07
0.0034664986
8.2902596e-07
1.6977317e-06
0.99991536
9.0077845e-07
1.4950963e-07
8.100635e-05
3.3075122e-07
1.2604916e-06
0.99997556
4.632563e-07
6.2685563e-09
2.2430195e-05
3.2721942e-07
8.122519e-07
0.99998224
3.6219888e-07
1.0559618e-08
1.623505e-05
9.234833e-06
1.3125344e-05
0.99926907
1.2487652e-05
8.682502e-07
0.00069525006
0.00063150143
0.00042149305
0.9147632
0.0015553678
0.0007219019
0.08190658
1.7142652e-07
8.68877e-07
0.99999046
1.6421656e-07
3.7285885e-09
8.34085e-06
5.959972e-07
3.785256e-06
0.99997795
4.5385377e-07
6.5565877e-09
1.7130818e-05
0.000103163075
8.71269e-05
0.9965875
0.0003840467
1.9669798e-05
0.0028184098
0.0008001952
0.00045150664
0.94420433
0.0035375291
0.0001773313
0.050829027
2.1838005e-06
4.1929743e-06
0.9997358
1.0705537e-06
1.4616269e-07
0.00025663842
6.418975e-07
2.6502187e-06
0.99995184
4.0483968e-07
1.3558407e-08
4.4432803e-05
1.9732377e-06
3.9511697e-06
0.9999074
2.1503126e-06
5.804468e-07
8.3904204e-05
6.288959e-06
7.1962577e-06
0.99789655
8.380477e-06
2.7420817e-06
0.0020788638
2.4200774e-06
4.1126723e-06
0.99992967
1.7636638e-06
1.0972246e-06
6.090928e-05
3.4797165e-07
2.8211346e-06
0.99994886
2.088004e-07
4.4885735e-09
4.7715872e-05
9.1841375e-06
2.035601e-05
0.99962354
1.604015e-05
9.67056e-07
0.00032981517
4.128361e-05
2.7420361e-05
0.9363666
0.0001233705
3.125393e-05
0.06341017
6.786566e-07
1.9849667e-06
0.9999745
6.3753896e-07
5.994081e-08
2.2125594e-05
1.9273827e-07
1.1510647e-06
0.9999814
6.8790094e-08
2.1348652e-09
1.7181139e-05
4.6010265e-07
2.016238e-06
0.9999807
3.2467244e-07
4.347016e-08
1.6506801e-05
6.220758e-08
1.5291634e-07
0.9999845
1.5008277e-08
2.5476323e-09
1.5251452e-05
3.8895712e-07
8.8340306e-07
0.9999689
4.4074613e-07
2.6391433e-08
2.9311486e-05
2.5850859e-05
1.9418205e-05
0.99252546
8.072237e-05
3.655706e-06
0.007344874
2.6729396e-08
2.6890487e-07
0.9999981
2.3680933e-08
1.9857671e-10
1.6569222e-06
2.4057292e-07
7.050146e-07
0.9999918
2.1065269e-07
1.3705385e-08
7.016853e-06
1.9479033e-08
1.02662625e-07
0.99997914
3.6249748e-08
9.4549e-10
2.0683927e-05
4.2131813e-08
2.2335709e-07
0.9999591
9.989147e-08
1.6114448e-09
4.0535917e-05
1.2991619e-06
2.0760547e-06
0.9999198
3.0059286e-06
1.9518872e-07
7.368544e-05
5.686922e-07
1.8268192e-06
0.99995637
8.748072e-07
4.5599734e-08
4.0456714e-05
1.9827431e-07
1.7585918e-06
0.9999794
3.405858e-07
5.2735216e-09
1.8414643e-05
8.2100746e-07
3.2758126e-06
0.9999616
9.5052695e-07
2.530596e-08
3.334402e-05
1.2739388e-07
4.525335e-07
0.9999944
1.12314964e-07
6.6469537e-09
4.8557004e-06
2.0436993e-07
1.5219447e-06
0.9999862
1.7361596e-07
1.4263061e-09
1.2041371e-05
1.5700329e-07
5.347785e-07
0.9999931
1.4211795e-07
6.7384454e-09
6.0371103e-06
1.6150432e-07
8.5619706e-07
0.9999379
2.3338652e-07
5.3878217e-09
6.079093e-05
1.5621614e-08
8.561215e-08
0.9999989
1.5898639e-08
1.9284359e-10
9.114727e-07
2.6266892e-07
1.0020083e-06
0.99997234
2.7021414e-07
8.207711e-09
2.6146754e-05
8.611369e-08
4.682619e-07
0.9999807
8.322009e-08
1.5573304e-09
1.8649938e-05
4.5372803e-09
4.7095227e-08
0.9999995
3.8582684e-09
1.15585675e-11
4.3139121e-07
2.8648472e-08
1.1979287e-07
0.99999833
2.3291042e-08
1.0153733e-09
1.5339e-06
1.6117557e-06
1.420981e-06
0.9967796
4.071787e-06
2.0114472e-07
0.003213064
2.6755462e-08
9.3842836e-08
0.9999962
1.554548e-08
4.518902e-10
3.7522013e-06
3.1276537e-07
1.145166e-06
0.9997266
9.059009e-07
2.0689638e-08
0.0002710617
1.075888e-07
5.188209e-07
0.9999726
1.1735818e-07
1.5182743e-09
2.668851e-05
9.439392e-08
7.615588e-07
0.99999213
9.6067865e-08
2.6413887e-09
6.9690523e-06
6.886133e-07
1.8957601e-06
0.99989057
1.1921431e-06
2.5156329e-08
0.000105649575
4.773641e-09
4.2922597e-08
0.99999976
2.7817222e-09
2.0726467e-11
2.1776616e-07
1.5652155e-08
1.2275358e-07
0.9999989
1.7718902e-08
2.5798336e-10
1.0000798e-06
1.3636625e-05
1.22836245e-05
0.9984218
6.518389e-05
3.4885215e-06
0.0014835785
8.121398e-08
6.0126797e-07
0.99999356
9.7390455e-08
3.2712542e-09
5.5943333e-06
1.3572984e-06
1.1898291e-05
0.9997514
2.5581526e-06
7.4580896e-08
0.00023276458
1.2193175e-06
5.5236196e-06
0.9999682
6.707458e-07
6.31245e-08
2.4181694e-05
2.2184243e-07
1.9523168e-06
0.9999906
1.8809145e-07
6.028502e-09
7.0237006e-06
1.0146734e-07
1.1623669e-06
0.99998677
9.356742e-08
2.6285087e-09
1.17624395e-05
4.2661304e-07
2.7683163e-06
0.9996038
6.5496926e-07
2.4807619e-08
0.00039242322
2.2421483e-07
8.074286e-07
0.9989097
1.1263225e-07
1.0957782e-08
0.0010891258
3.293475e-07
1.8695284e-06
0.9986532
1.4990535e-07
2.3994473e-09
0.0013445454
1.8792099e-07
2.837606e-07
0.9932474
6.4259444e-07
1.940467e-08
0.006751528
1.8577808e-07
6.683596e-07
0.99835867
5.862918e-08
5.9835017e-09
0.001640465
9.733143e-07
3.9911706e-06
0.9963152
1.2558776e-06
1.6716615e-07
0.0036784855
7.6961993e-07
1.4114067e-06
0.9456482
4.87293e-07
2.3610016e-07
0.05434895
1.1767047e-07
5.4463436e-07
0.9997004
5.712443e-08
2.6926998e-09
0.0002988604
1.4293587e-07
1.6422168e-06
0.99987245
1.2237898e-07
8.0403e-09
0.00012558227
1.4252471e-07
2.0841837e-06
0.99992144
5.3675297e-08
1.1846844e-09
7.6322154e-05
2.099588e-06
2.9807583e-07
0.17624526
9.995538e-07
3.0809307e-08
0.82375133
3.3415154e-07
9.2442576e-07
0.9926528
1.3265695e-07
6.5404167e-09
0.007345816
5.6334284e-07
6.465068e-07
0.9470376
2.8913573e-07
6.572313e-08
0.05296068
7.96406e-08
1.9254628e-07
0.9467443
8.3056094e-08
3.586179e-08
0.05325541
7.5453116e-08
2.6881386e-07
0.97745675
4.7727305e-08
9.4532915e-09
0.02254296
5.1727875e-07
6.531658e-08
0.044931613
1.2346585e-07
2.7468365e-08
0.9550677
1.229282e-08
9.7734784e-08
0.9937768
4.661274e-09
1.224124e-10
0.006223114
0.00012234531
0.0003666852
0.9655763
1.1391006e-05
1.9352062e-07
0.033922967
5.9475562e-05
0.000130415
0.9435838
6.2616243e-07
2.2214442e-08
0.056225628
6.279772e-08
8.4598753e-07
0.99966073
5.15552e-08
2.4301807e-09
0.0003383092
7.5182164e-08
2.4272724e-06
0.9999685
6.462148e-08
1.3464252e-09
2.8828876e-05
1.3787096e-06
7.4885975e-07
0.9997781
4.9440914e-08
9.584558e-09
0.00021973824
8.927455e-05
6.8706822e-06
0.99847275
1.6158296e-07
4.5398878e-08
0.0014310025
0.00043487115
6.001419e-05
0.9968489
5.2286405e-06
2.0639325e-05
0.0026303034
0.0046609296
0.00013641753
0.98605007
9.068281e-06
8.894212e-05
0.009054641
1.3750387e-05
1.6602338e-05
0.9757765
1.2677933e-06
1.1611226e-06
0.024190692
0.00018065338
0.000263363
0.7051117
8.360242e-05
0.00013918974
0.29422146
2.4327106e-05
2.0991767e-05
0.5048522
6.496599e-06
8.498022e-06
0.49508744
2.1387748e-07
3.4851615e-07
0.99955946
3.4846412e-08
9.489339e-09
0.000439903
2.9609786e-09
5.4995186e-09
0.99994934
1.257248e-10
8.622783e-12
5.0644718e-05
3.1767855e-09
1.29127296e-08
0.9999869
5.134796e-11
2.3828869e-12
1.3096347e-05
1.0336686e-07
1.3363608e-07
0.9999795
8.6184855e-09
4.3926468e-10
2.0224532e-05
1.1631787e-06
1.1597759e-06
0.995811
6.267818e-08
4.0865206e-08
0.0041865534
2.0543216e-06
5.4380973e-07
0.9991621
4.9895338e-08
5.7597678e-08
0.0008352727
8.096288e-06
9.327875e-06
0.99952805
1.4773261e-06
1.5225065e-07
0.00045296722
4.7377173e-07
5.198286e-07
0.9989838
7.740512e-09
2.122347e-09
0.0010152522
1.3640727e-07
6.615578e-08
0.9999963
1.1688596e-08
1.598964e-09
3.480401e-06
1.8332262e-09
5.0174074e-09
0.99999905
5.7676412e-11
2.096764e-12
9.3491195e-07
1.0236407e-07
1.0559769e-08
0.99999654
2.8250974e-10
2.488275e-10
3.35689e-06
1.3084054e-05
1.212081e-07
0.9980731
1.3217469e-09
5.4358544e-09
0.0019136083
8.518243e-09
1.3932836e-09
0.9999989
1.6885948e-10
2.2298146e-12
1.060429e-06
4.9742372e-08
3.4924625e-09
0.9999975
2.7731645e-10
3.096249e-11
2.5166532e-06
1.819481e-07
2.5039944e-07
0.9999869
2.1901036e-08
9.764638e-10
1.2693416e-05
3.761717e-05
1.494847e-05
0.98491645
1.1594761e-06
1.363531e-06
0.015028368
8.436933e-06
1.2130838e-06
0.9997255
1.1316543e-07
1.45876e-07
0.00026452384
2.130882e-06
1.3358793e-07
0.99961925
1.7417952e-09
7.4476014e-10
0.0003785028
1.1667305e-06
7.1739925e-07
0.9998276
4.229115e-08
4.1305306e-09
0.00017047358
1.3474477e-07
3.2800565e-07
0.99945265
3.3568386e-09
8.877381e-10
0.00054687535
2.2089922e-05
9.18911e-07
0.57724375
9.799417e-08
3.490679e-08
0.42273316
1.4626401e-05
9.648597e-06
0.9913784
1.784811e-06
1.6410368e-06
0.008593873
0.00011775051
3.619354e-05
0.7764701
1.2350361e-05
3.05376e-05
0.2233331
4.8714486e-05
1.4944388e-05
0.9827262
6.4516945e-07
8.681704e-07
0.017208591
0.00080479454
2.312195e-05
0.9740519
1.7587626e-06
8.623183e-06
0.025109882
1.3658938e-05
5.0989897e-06
0.95705926
1.996495e-07
2.9276666e-07
0.042921513
1.6665452e-06
6.3316725e-07
0.99992967
7.658719e-08
7.621415e-08
6.7816625e-05
9.501379e-10
2.6212453e-08
1.0
4.1752374e-10
5.416585e-13
4.6274636e-08
2.7546692e-09
4.2546688e-08
0.9999925
6.3230565e-10
4.1333967e-12
7.484009e-06
4.964413e-08
4.234497e-07
0.99997365
8.459997e-09
8.717423e-11
2.5842171e-05
5.0971515e-08
3.082995e-07
0.9999933
1.4433447e-08
7.522379e-11
6.2776035e-06
4.4847257e-06
1.9884392e-05
0.99961996
2.230967e-06
1.2210936e-07
0.00035314835
5.8329584e-07
7.223875e-07
0.99992085
3.2113626e-08
7.0063684e-09
7.7827426e-05
9.123517e-07
5.720513e-07
0.9999863
1.6942865e-07
7.8945675e-08
1.20885015e-05
4.048513e-07
4.878672e-07
0.99998057
4.9596014e-08
1.2849752e-08
1.8559094e-05
1.13859045e-07
1.8194623e-07
0.99997663
4.278965e-09
6.7307526e-10
2.311964e-05
7.871441e-07
9.757974e-07
0.999833
1.761246e-08
3.2739245e-09
0.00016522955
6.659964e-09
1.0336863e-07
0.99999666
1.0233353e-09
6.414473e-12
3.2409248e-06
1.7997861e-08
2.472426e-07
0.9999949
9.939363e-09
7.746034e-11
4.88901e-06
2.870846e-07
6.2277854e-07
0.9999876
9.853787e-08
7.314473e-09
1.1278746e-05
1.0959032e-08
2.8342408e-08
0.99999964
3.7578665e-09
7.283869e-11
3.6397805e-07
2.913539e-06
8.155279e-06
0.9999517
1.3884078e-06
3.0708475e-07
3.5355795e-05
4.0760455e-07
8.645859e-07
0.9999223
2.8423365e-08
6.448278e-09
7.6396784e-05
1.3585561e-08
2.3109818e-08
0.9999995
4.0592565e-09
1.9857699e-10
5.29068e-07
2.4100622e-08
4.31386e-07
0.9999875
7.576195e-09
1.1052341e-10
1.2064927e-05
8.023188e-06
2.0953312e-05
0.97609985
1.0180435e-06
3.8786016e-08
0.023870118
1.4139565e-06
4.983625e-06
0.977429
2.915016e-07
1.5105888e-08
0.022564342
5.683292e-07
2.911693e-06
0.99834263
5.6944026e-07
1.2803673e-08
0.0016533048
8.919472e-08
6.6683367e-07
0.99997795
1.7683956e-08
1.8186501e-10
2.136133e-05
3.4920205e-07
1.6417241e-06
0.9976221
6.3781e-08
1.9354467e-09
0.002375803
2.4185363e-06
6.8294794e-06
0.997343
7.072793e-07
2.201445e-08
0.002647072
3.6205201e-06
1.773402e-05
0.9994276
3.8798805e-07
2.3575152e-08
0.00055061275
4.76997e-07
1.7127072e-06
0.99990845
8.7292804e-08
6.54334e-09
8.922848e-05
7.578549e-05
8.258634e-05
0.70889413
1.5381727e-05
2.5109978e-06
0.29092956
6.1017913e-06
1.9524465e-05
0.9625414
1.5686006e-06
7.878544e-08
0.03743128
4.5114295e-08
9.991005e-07
0.9999958
1.8227823e-08
7.5592185e-11
3.1442787e-06
2.0677955e-07
7.7657666e-07
0.9999889
1.0907162e-07
9.756583e-09
1.00609695e-05
1.6198764e-07
5.2137284e-07
0.9999964
7.237465e-08
4.7411044e-09
2.726468e-06
2.7743786e-07
6.2035036e-07
0.99998736
1.5869803e-07
8.025534e-09
1.15687835e-05
3.3729261e-06
9.788521e-06
0.9998795
1.7983587e-06
1.9480001e-07
0.000105339335
6.9950664e-07
6.0428156e-06
0.999961
4.835886e-07
4.7363087e-09
3.172399e-05
2.5366842e-07
9.5267154e-07
0.9857167
2.6454734e-07
1.0029785e-08
0.014281914
2.9464845e-05
3.2519198e-05
0.37819257
2.3745133e-05
1.1629098e-05
0.62171006
2.2562492e-05
3.4202694e-05
0.97302383
1.7181408e-05
1.7935763e-05
0.02688427
2.6304393e-05
4.795782e-05
0.9981724
2.3123044e-05
2.9311652e-06
0.0017272853
3.5896974e-06
2.4009716e-05
0.998691
1.8568625e-06
1.7872051e-07
0.0012792695
7.044728e-07
2.6612504e-06
0.99630016
1.3510909e-07
1.2336074e-08
0.0036964351
1.3950263e-07
1.4779852e-06
0.9999739
9.104243e-08
5.170722e-10
2.432394e-05
5.0719468e-08
6.1970246e-07
0.99991894
6.1951746e-09
1.811453e-10
8.037623e-05
1.4211685e-07
6.766786e-07
0.99998534
3.1066865e-08
9.335684e-10
1.3873062e-05
7.364274e-07
7.2158646e-06
0.9996387
7.62664e-08
6.9498824e-09
0.00035315496
4.4195173e-07
8.470338e-06
0.9997708
5.981166e-08
2.0386635e-09
0.00022016624
5.48438e-07
7.38725e-07
0.96246076
5.2993013e-08
2.081325e-08
0.03753796
1.8169025e-05
9.717136e-05
0.9972972
5.784529e-06
1.0483097e-06
0.002580589
1.512899e-06
2.0803504e-05
0.9989083
3.428894e-07
4.1354177e-08
0.0010691022
6.1779576e-07
9.078442e-06
0.9997671
2.1559973e-07
1.0485423e-08
0.00022297831
6.3713783e-06
0.000116976385
0.99919623
5.829602e-06
1.425605e-07
0.00067446864
1.3612603e-07
5.4481657e-06
0.99988556
4.2252317e-08
7.8376544e-10
0.00010879002
1.9614447e-06
1.8072373e-05
0.99977225
1.00083e-06
4.7314987e-08
0.00020682733
9.869531e-06
7.179589e-05
0.9964091
2.8866867e-05
6.4212674e-07
0.0034796488
7.552726e-06
4.6583413e-05
0.99936694
5.9863787e-06
4.41342e-07
0.00057251187
7.919781e-06
6.821632e-05
0.99897075
3.7191837e-06
3.9817218e-07
0.0009490832
4.2350592e-07
4.9182886e-06
0.9991302
1.996597e-07
1.8087972e-08
0.00086428795
9.687032e-06
9.162545e-06
0.9741716
3.694228e-07
1.22419e-07
0.025809124
1.3274718e-05
2.3339921e-06
0.45955312
1.765234e-06
1.8156695e-07
0.54042935
1.0447865e-06
6.1189503e-06
0.9997863
1.752847e-07
1.022274e-08
0.00020642667
1.6276521e-05
6.819292e-05
0.9996038
1.361283e-05
1.7021824e-06
0.00029650598
8.712638e-08
1.4968372e-06
0.99995315
8.569188e-08
1.4276526e-09
4.5176675e-05
1.1057278e-07
4.434101e-06
0.9999862
1.0356963e-07
3.7316583e-10
9.1605925e-06
6.8646275e-09
7.674163e-08
0.99999094
1.8100853e-09
2.3995998e-11
8.896151e-06
5.878247e-08
4.2636208e-07
0.9999919
2.8872979e-08
6.2554933e-10
7.676462e-06
2.5032258e-09
3.388759e-08
0.9999784
5.016555e-10
1.2448803e-11
2.1613141e-05
1.22387e-07
2.7611404e-06
0.9999379
7.1807214e-08
2.0489845e-09
5.91512e-05
2.2910884e-07
6.2828013e-07
0.9999938
7.6816825e-08
4.6177164e-09
5.2553905e-06
4.1162554e-07
2.4249143e-06
0.9999732
8.420042e-08
2.1141011e-09
2.3830173e-05
1.2215504e-05
3.0115794e-05
0.9803596
1.1122343e-05
6.2747966e-07
0.019586362
8.042049e-06
2.443489e-05
0.99964213
7.408683e-06
5.151161e-07
0.000317496
4.1770565e-07
1.4722434e-06
0.9999877
2.53104e-07
7.096358e-09
1.0139866e-05
3.3954528e-08
3.6606195e-08
0.99999857
4.910759e-09
8.079468e-10
1.3068995e-06
1.0197618e-06
9.749659e-07
0.99995697
3.4661784e-07
1.965349e-07
4.0417246e-05
3.59032e-07
9.0348817e-07
0.9999894
1.8938142e-07
2.1227265e-08
9.116001e-06
5.238476e-08
2.1418045e-07
0.99999833
2.3588616e-08
8.0558304e-10
1.431149e-06
9.606819e-08
1.2004465e-06
0.9999956
3.7182552e-08
6.536547e-10
3.1015825e-06
3.326519e-08
3.810719e-07
0.9999957
1.6808661e-08
2.2392033e-10
3.982511e-06
5.181739e-09
2.4218888e-08
0.9999999
1.8914206e-09
1.8724805e-11
1.0706766e-07
9.653846e-08
2.1607066e-07
0.99999595
3.8928956e-08
1.1641286e-09
3.6581291e-06
2.6037486e-07
5.6982276e-07
0.9999893
1.2492922e-07
5.4091873e-09
9.760957e-06
4.4894684e-08
8.32216e-08
0.9999989
1.677592e-08
7.792748e-10
9.893943e-07
2.41987e-07
5.598961e-07
0.9999932
1.291474e-07
6.005015e-09
5.851369e-06
3.1437932e-07
8.274707e-07
0.9999907
1.9558419e-07
2.4077176e-08
7.889251e-06
4.788357e-08
2.1292925e-07
0.9999988
2.2795996e-08
1.0313637e-09
9.195189e-07
1.9610127e-09
3.4725854e-08
0.9999999
9.263168e-10
2.896891e-12
1.2263386e-07
1.2383683e-07
7.3669054e-07
0.9999958
6.493956e-08
1.5153471e-09
3.1751351e-06
1.2590975e-07
3.0679823e-07
0.99999475
5.7308895e-08
1.8225083e-09
4.7478543e-06
8.797233e-09
6.557709e-08
0.99999964
3.7104608e-09
3.0962555e-11
2.3226404e-07
2.0474024e-08
7.090525e-08
0.9999927
1.7924979e-09
6.8760074e-11
7.2043354e-06
4.3090452e-08
2.8291242e-07
0.99999654
2.3019652e-08
1.0322149e-10
3.1535062e-06
6.208687e-08
6.6359706e-07
0.99999523
4.9499967e-08
3.7867579e-10
3.994194e-06
4.9162853e-08
2.8624757e-07
0.9999975
4.6865733e-08
4.621555e-10
2.1400315e-06
2.366083e-07
1.3682514e-06
0.99997616
2.4675558e-07
2.6777065e-09
2.2060905e-05
1.03669855e-07
8.63789e-07
0.99997675
2.5529744e-08
4.349947e-10
2.2233944e-05
4.284387e-07
2.338847e-06
0.9999678
2.812515e-07
4.519448e-09
2.925426e-05
8.1930415e-07
8.537345e-06
0.999838
2.5405657e-07
5.226636e-09
0.00015236608
1.2492974e-07
6.5267017e-07
0.99999356
8.1850956e-08
6.530153e-10
5.529157e-06
2.7339394e-07
1.7568282e-06
0.99995255
3.07986e-07
2.6284188e-09
4.504449e-05
1.5128109e-07
6.2765537e-07
0.9999753
1.5838647e-07
3.064013e-09
2.3737317e-05
4.953785e-08
1.6889878e-07
0.9997837
3.0728728e-08
1.4971516e-10
0.00021612158
7.3936815e-07
4.2881406e-06
0.99971765
1.7224432e-06
5.881499e-09
0.00027559686
2.1022298e-07
1.3495734e-06
0.99990296
2.494023e-07
1.5255996e-09
9.526137e-05
5.0029488e-08
5.8613495e-07
0.99989367
1.1099527e-07
2.4067653e-10
0.0001056499
2.4723917e-07
1.952298e-06
0.9999809
1.8194702e-07
2.0874478e-09
1.663627e-05
2.0660204e-06
3.8749417e-06
0.9941155
1.8610336e-06
1.48910795e-08
0.005876692
4.188885e-07
1.3681279e-06
0.9998858
4.9938933e-07
4.5279123e-09
0.00011191505
1.290203e-07
7.316639e-07
0.9999851
1.2299185e-07
7.150929e-10
1.3940965e-05
7.2871e-08
4.784381e-07
0.99999535
5.543734e-08
4.375591e-10
4.0729724e-06
1.5790334e-08
1.1851303e-07
0.9999993
1.0757561e-08
6.1396235e-11
5.3739944e-07
6.726162e-08
8.731141e-07
0.99997234
1.2988425e-08
7.4200784e-11
2.671458e-05
2.6469406e-08
4.4032498e-07
0.9999894
6.195611e-09
3.4439826e-11
1.0189516e-05
5.901984e-07
2.7290498e-06
0.9999664
4.4247008e-07
7.364489e-09
2.9860354e-05
2.4601638e-06
1.6845039e-05
0.9997565
2.3246916e-06
6.140883e-08
0.00022167327
3.310319e-08
2.253373e-07
0.99999666
2.0294946e-08
1.1571554e-10
3.1076493e-06
8.5537266e-07
5.1434668e-06
0.9999511
9.523753e-07
1.5393711e-08
4.198602e-05
5.1471865e-08
4.2180832e-07
0.99999607
3.2749476e-08
2.5077893e-10
3.473609e-06
2.4531732e-07
6.981618e-07
0.99998975
1.8827507e-07
4.0001886e-09
9.098217e-06
5.5654482e-08
1.550235e-07
0.99999833
2.6263654e-08
1.2211911e-09
1.4665192e-06
9.393463e-08
2.9504574e-07
0.9999974
6.300318e-08
1.4501988e-09
2.1779815e-06
2.2552431e-08
8.527838e-08
0.9999989
1.2430334e-08
9.118186e-11
1.0079235e-06
2.8844906e-06
6.4497144e-06
0.9996972
4.450169e-06
4.1752195e-08
0.0002890993
4.7464557e-08
5.238478e-08
0.9999987
4.371987e-09
7.54449e-11
1.1646532e-06
7.615213e-07
1.9484146e-06
0.9999429
5.3579714e-07
6.2806063e-09
5.3910673e-05
1.9654213e-07
9.674143e-07
0.9999938
1.3246859e-07
1.1789991e-09
4.8556976e-06
8.368576e-10
7.2505575e-09
1.0
3.5957665e-10
2.634682e-13
3.714642e-08
1.2728041e-06
1.3042609e-06
0.9999306
1.8664439e-06
5.5056102e-08
6.4901e-05
3.7915495e-08
1.518746e-07
0.9999846
9.709018e-09
9.677726e-11
1.5147552e-05
1.569808e-08
6.430867e-08
0.99999905
9.484246e-09
3.9025814e-11
8.0201886e-07
1.3130904e-07
4.4161757e-07
0.99999094
1.1231458e-07
1.4544443e-09
8.308335e-06
1.189758e-07
7.252651e-07
0.9999902
9.559974e-08
6.944504e-10
8.8787865e-06
4.569699e-07
1.337873e-06
0.9999845
4.2015898e-07
4.1352153e-09
1.3173279e-05
2.9046848e-07
1.3339625e-06
0.999987
2.3248803e-07
2.3128655e-09
1.10390065e-05
6.2199135e-09
5.953385e-08
0.999998
2.9495784e-09
8.640062e-12
1.8574776e-06
2.3022916e-07
6.101376e-07
0.99998903
1.4170163e-07
2.6106075e-09
1.004134e-05
2.771598e-07
9.845379e-07
0.99996126
2.073805e-07
2.7171791e-09
3.716162e-05
1.9960607e-08
9.9504824e-08
0.9999871
2.242041e-08
6.984249e-11
1.2780487e-05
3.743215e-09
1.5126215e-08
0.9999994
2.0752904e-09
1.11374954e-11
6.4949484e-07
1.5931977e-07
5.0483607e-07
0.9999913
1.2603232e-07
2.0915503e-09
7.889256e-06
5.2442914e-07
1.3549625e-06
0.999982
6.8331696e-07
9.929534e-09
1.5356029e-05
3.836299e-08
6.544911e-08
0.9999993
1.4030505e-08
8.838972e-10
5.7429776e-07
1.3355925e-05
1.0081581e-05
0.9991062
6.074037e-05
8.5464995e-07
0.00080873864
1.5685023e-07
4.5120967e-07
0.9999944
1.3130949e-07
5.0370215e-09
4.9273526e-06
1.2312553e-06
2.5239058e-06
0.9999455
2.27571e-06
4.3130353e-08
4.841982e-05
4.0519367e-08
2.2688342e-07
0.99999857
2.8066944e-08
2.7731675e-10
1.1772313e-06
5.9127988e-08
2.985224e-07
0.9999932
5.2333363e-08
2.6773525e-10
6.388927e-06
1.07066484e-07
9.2672144e-07
0.9990127
2.1925749e-07
1.2343682e-09
0.0009859684
9.991256e-08
2.5991383e-07
0.99919397
2.4413e-08
7.5764484e-10
0.00080565637
2.147934e-07
9.3758695e-07
0.99992645
1.07794165e-07
4.384498e-09
7.226072e-05
3.60984e-10
6.206863e-10
1.0
7.122093e-11
8.9916963e-13
1.574415e-08
3.5554336e-07
2.0945304e-06
0.9999907
2.6037523e-07
2.105896e-09
6.578854e-06
2.863564e-07
2.5697736e-06
0.9994012
5.915955e-07
7.140844e-09
0.00059533864
1.5160404e-06
1.946925e-05
0.99708
9.894006e-07
4.389784e-08
0.0028979708
8.17648e-08
4.464207e-06
0.99991703
4.622563e-08
3.595468e-10
7.843753e-05
7.5173245e-09
4.2761613e-07
0.99999917
4.333732e-09
7.2261034e-12
3.23097e-07
6.583297e-08
2.6117739e-06
0.99998784
5.0034203e-08
4.900393e-10
9.544146e-06
2.158087e-06
7.3303825e-05
0.9996101
5.436037e-06
7.552308e-08
0.00030892217
2.9706504e-07
3.608406e-06
0.9999821
2.4675705e-07
5.34613e-09
1.3671281e-05
4.2962065e-06
0.00012264511
0.9996438
8.081426e-06
7.853423e-08
0.00022099988
2.6913192e-06
1.0654774e-05
0.95580095
3.0200274e-06
7.349379e-08
0.044182595
8.064789e-08
8.755553e-07
0.99983466
1.8334721e-07
7.8525775e-10
0.00016410417
1.3423642e-06
2.844986e-05
0.9984542
9.084246e-06
9.405081e-09
0.0015069904
4.1683215e-08
1.6550557e-07
0.9999968
2.4218814e-08
2.8695868e-10
2.9624457e-06
2.08197e-07
2.4391923e-06
0.9999845
3.2850085e-07
1.6067716e-09
1.2533257e-05
2.8039562e-08
5.0034764e-08
0.99999905
9.756683e-09
3.4478953e-10
8.579235e-07
1.9808433e-06
5.3425874e-06
0.999848
2.6344617e-06
2.1041681e-07
0.0001418836
5.479085e-08
2.9360464e-07
0.9999839
2.2115895e-08
2.34893e-10
1.576634e-05
1.32967575e-08
3.0233738e-07
0.99999654
1.0194977e-08
2.8747671e-11
3.0714436e-06
3.2786158e-07
1.2728793e-06
0.99998975
2.2665995e-07
3.2648588e-09
8.463923e-06
1.1407197e-06
4.7097187e-06
0.9997427
2.1622701e-07
1.4429829e-08
0.00025118527
3.9468057e-07
3.0000886e-06
0.9999281
2.7823535e-07
6.2621406e-09
6.82817e-05
7.38019e-08
1.1612402e-06
0.9999937
5.218029e-08
2.2700229e-10
5.0986755e-06
1.0939342e-06
5.5176088e-06
0.999856
1.1111612e-06
1.8951285e-08
0.00013631603
4.74112e-09
1.5500058e-08
0.99999976
1.9400597e-09
2.1742374e-11
1.9387447e-07
1.4518307e-08
3.892896e-08
0.99999607
1.020341e-09
4.6021563e-12
3.916942e-06
2.8424615e-06
8.338157e-06
0.99966764
2.5754841e-06
9.55689e-08
0.0003184356
1.4762905e-06
4.2676184e-06
0.99980325
7.32961e-07
1.8475184e-08
0.0001903582
2.1248448e-07
1.0306763e-06
0.9998609
8.962082e-08
7.199086e-10
0.00013778893
7.5404444e-08
6.859975e-07
0.99999094
5.447113e-08
2.9204578e-10
8.365326e-06
1.390773e-08
2.0377473e-07
0.9999993
8.585055e-09
2.9515827e-11
5.0929674e-07
5.082233e-08
2.7233875e-07
0.9999919
3.005248e-08
4.9243987e-10
7.7897375e-06
9.26587e-08
4.7610652e-07
0.99999297
5.7927735e-08
9.128403e-10
6.483202e-06
3.725534e-08
3.110226e-07
0.9999982
2.202999e-08
2.3443802e-10
1.4144755e-06
1.4520383e-07
2.4084347e-06
0.99998987
8.5611376e-08
1.1206185e-09
7.491302e-06
2.7183121e-05
0.005546685
0.9939401
0.00013031819
1.2711818e-07
0.00035562803
4.4713024e-09
6.570531e-08
0.99999976
2.5928502e-09
4.7113108e-12
1.5669798e-07
3.5238237e-08
3.4528097e-07
0.9999988
2.292996e-08
9.6589785e-11
8.5708587e-07
1.8301773e-07
4.169534e-06
0.99998903
1.5807959e-07
4.492469e-10
6.4076444e-06
2.5356817e-06
6.974988e-05
0.99971765
6.7461915e-06
9.0209165e-09
0.00020321237
1.8991056e-08
1.7277254e-07
0.99999917
1.1954138e-08
6.703662e-11
5.977585e-07
7.801533e-09
1.3403088e-07
0.99999964
5.171627e-09
1.0081562e-11
2.2955808e-07
4.502492e-08
7.2535577e-06
0.9999659
1.9500719e-07
5.318415e-11
2.6558335e-05
1.8640852e-06
4.5206776e-05
0.9996427
6.3308003e-06
1.7886412e-08
0.00030384582
2.031408e-06
0.00024225215
0.99966395
5.222964e-06
7.760926e-09
8.654653e-05
3.2116024e-08
2.9079813e-06
0.99999547
4.8306113e-08
3.315302e-11
1.5264242e-06
2.9646733e-07
7.3613635e-05
0.9999212
4.5783432e-07
9.6393844e-11
4.4079093e-06
9.4674283e-07
2.815853e-05
0.99695385
4.0289847e-06
2.822429e-09
0.0030130313
6.318801e-08
1.5101174e-06
0.99999714
5.420614e-08
2.8556105e-10
1.3470669e-06
5.1877937e-06
0.000118189
0.9987674
1.9218603e-05
6.0692585e-08
0.0010900345
2.6653694e-07
7.638691e-06
0.9999423
6.325572e-07
2.3082494e-09
4.9278315e-05
1.086313e-08
3.479892e-07
0.9999993
8.256166e-09
1.9815989e-11
3.7079448e-07
3.359169e-08
6.9273386e-07
0.99999726
2.071546e-08
1.2783559e-10
2.0782443e-06
1.073792e-07
3.7815528e-06
0.9999757
1.6893121e-07
3.9298453e-10
2.0224456e-05
6.987391e-08
1.3404946e-06
0.99998903
8.46139e-08
1.3822209e-10
9.3870185e-06
3.0170096e-08
3.171549e-07
0.99999166
2.618665e-08
8.3265006e-11
8.005675e-06
1.530224e-09
3.326533e-08
0.9999999
7.428641e-10
1.6361552e-12
1.0551072e-07
1.9863547e-08
2.42224e-07
0.99999547
1.4632166e-08
4.1991275e-11
4.2809625e-06
1.2988743e-08
4.931443e-07
0.9999969
1.0375774e-08
1.2608086e-11
2.5864158e-06
2.1375986e-07
3.1596376e-06
0.9999858
2.6113787e-07
2.2637021e-09
1.0626469e-05
1.5187582e-07
1.5856765e-06
0.9999927
1.18512254e-07
2.6310927e-09
5.4010698e-06
4.882783e-08
7.3957364e-07
0.99999547
4.0479687e-08
2.7355024e-10
3.676033e-06
1.3726144e-11
8.007585e-11
1.0
3.9134507e-12
1.851368e-15
2.0611537e-09
1.6787315e-10
3.6815873e-09
1.0
5.5466916e-11
4.7468458e-14
1.2036146e-08
4.5818083e-09
1.4156484e-07
0.99999976
1.7255247e-09
9.71285e-13
6.172442e-08
1.9802573e-09
3.2022214e-08
1.0
6.2008043e-10
3.4699947e-13
2.4987683e-08
1.1569647e-05
0.8562341
0.14365111
1.4970001e-06
1.182539e-09
0.000101718906
7.055858e-08
2.4443012e-05
0.99997437
3.486088e-08
2.1784328e-11
1.0267746e-06
1.2093239e-09
1.3171499e-06
0.9999987
4.106489e-10
2.4434636e-14
4.5780144e-08
3.3041286e-07
6.509129e-05
0.9999287
2.0376035e-07
1.8910039e-10
5.6103827e-06
4.4185514e-10
8.425979e-10
1.0
4.392081e-11
2.4993435e-13
3.1618253e-08
1.6794755e-07
3.5042706e-06
0.99999523
7.9487904e-08
1.0505183e-10
9.617638e-07
1.13810725e-10
7.755957e-09
1.0
2.7058827e-11
8.419692e-15
2.057439e-08
4.6943444e-10
1.1363951e-07
0.99999976
1.4887264e-10
2.4650368e-14
7.5257965e-08
5.1903197e-11
3.300153e-09
0.9999999
5.4385966e-12
4.2461084e-15
6.576951e-08
7.1800783e-09
1.3235955e-06
0.9999976
3.83572e-09
2.591684e-12
1.08876e-06
8.93689e-08
2.3232782e-05
0.9999757
4.564517e-08
1.9951443e-11
9.321552e-07
1.2166121e-08
1.0887611e-06
0.9999987
4.7134163e-09
1.8648997e-12
2.4484083e-07
3.233598e-08
3.6759943e-06
0.999985
2.2029699e-08
4.6570487e-11
1.1367176e-05
3.1675285e-09
6.065787e-07
0.99999833
1.4347052e-09
1.4868272e-12
1.049098e-06
1.7730938e-10
3.2585217e-09
1.0
6.632041e-11
5.490329e-14
5.404772e-08
3.9762652e-10
5.8602225e-09
0.9999999
5.210634e-11
9.893275e-14
1.7721565e-07
5.201244e-10
1.5945302e-08
1.0
1.9190446e-10
3.7076936e-14
4.7325766e-08
1.3266897e-10
5.559195e-09
1.0
4.531501e-11
8.192586e-15
2.1965581e-08
2.1894786e-10
1.0799672e-08
1.0
7.018526e-11
3.288044e-14
2.4963292e-08
1.8207382e-09
2.993555e-08
0.99999964
1.0978817e-09
1.2804757e-12
3.243617e-07
3.5887499e-10
4.988843e-08
0.9999999
1.8581861e-10
1.3157757e-13
1.2026192e-07
1.295957e-10
1.2503396e-08
1.0
9.207677e-11
2.1881716e-14
5.0525824e-08
1.7892605e-08
6.264391e-07
0.9999888
6.417296e-09
2.8054104e-11
1.057474e-05
5.3768406e-10
1.1620352e-08
1.0
1.5344848e-10
9.902943e-14
2.0137076e-08
1.589391e-10
6.3488e-09
1.0
5.1148443e-11
1.7981839e-14
1.8972536e-08
1.13972206e-07
1.5071653e-06
0.99999344
6.906016e-08
1.8368e-09
4.7897615e-06
5.0474235e-08
3.3660962e-07
0.99995494
2.7956302e-08
8.2545687e-10
4.4694054e-05
3.6008237e-07
4.9805017e-06
0.99998105
2.657675e-07
4.229132e-09
1.3341537e-05
1.9105353e-07
7.585888e-07
0.99999094
1.6453768e-07
4.7689395e-09
7.935615e-06
2.870826e-07
1.3313512e-06
0.9999807
2.6447287e-07
9.264373e-09
1.7383652e-05
1.0508361e-08
9.042447e-08
0.99999917
8.771495e-09
1.3781913e-10
7.4102223e-07
7.111354e-08
5.3582573e-07
0.9999963
7.614482e-08
5.623865e-10
2.9508947e-06
5.7535067e-07
1.5472547e-06
0.9998779
7.9335337e-07
9.31925e-08
0.00011901573
1.0214925e-08
2.1691682e-07
0.9999981
1.0726079e-08
2.0508038e-10
1.7045174e-06
2.2461177e-09
3.8438017e-08
0.9999999
2.0895268e-09
1.0220346e-11
1.1264511e-07
2.608474e-08
2.3113249e-07
0.9999987
1.5394445e-08
1.8347428e-10
1.1091513e-06
6.8046133e-09
3.3992794e-07
0.99999905
4.6767377e-09
3.0542104e-11
5.60994e-07
4.004707e-08
7.26685e-07
0.99999285
3.208459e-08
1.0840245e-09
6.476873e-06
3.472066e-09
5.658621e-08
0.9999995
1.8278642e-09
1.3486967e-11
3.0650023e-07
7.069753e-08
2.5533856e-07
0.99998856
5.0525244e-08
1.3663207e-09
1.1060606e-05
7.3935134e-09
2.4175085e-07
0.99999344
5.894623e-09
4.7489408e-11
6.351602e-06
1.30268765e-08
1.4463903e-07
0.9999988
1.04265805e-08
1.4247192e-10
1.0645794e-06
9.0778094e-08
5.539153e-07
0.99999595
9.247818e-08
4.4669206e-09
3.3601677e-06
2.2094964e-07
6.719874e-07
0.99986434
4.3386765e-07
1.1767219e-08
0.00013433488
3.4691904e-08
6.2828303e-07
0.99999833
3.671359e-08
3.9840328e-10
9.349113e-07
2.391327e-08
3.3367778e-07
0.9999958
1.5424497e-08
1.5785566e-10
3.7964296e-06
2.365784e-08
2.6421958e-07
0.99999905
1.919616e-08
2.4737443e-10
7.61564e-07
3.1176469e-06
4.77245e-06
0.9771075
1.6544005e-05
5.829352e-07
0.022867437
5.2633364e-09
2.1251388e-07
0.9999993
5.3619074e-09
1.126878e-11
4.9170285e-07
6.2442687e-09
1.5854509e-07
0.99999976
4.6132365e-09
1.37798635e-11
1.7209906e-07
1.5822778e-07
2.7051235e-06
0.99994946
2.4892722e-07
1.5481837e-09
4.7437134e-05
9.577552e-08
3.4260236e-06
0.9998741
1.9767347e-07
3.3746919e-09
0.00012207584
3.9234287e-08
2.8708703e-07
0.9999962
3.0946083e-08
8.198672e-10
3.4940224e-06
1.021494e-08
5.1071485e-08
0.9999995
6.153465e-09
8.8032e-11
3.2152332e-07
6.72732e-07
3.0115828e-07
0.99999523
2.1313652e-07
4.2623625e-09
3.5248636e-06
3.825935e-06
1.0439115e-06
0.99992514
1.6261005e-07
2.6519452e-08
6.983251e-05
8.884374e-08
5.4044552e-08
0.99994135
5.135328e-10
1.8910278e-10
5.8576567e-05
4.9693913e-08
4.792323e-09
0.9999994
4.5410353e-10
1.6982651e-11
5.609942e-07
6.22723e-07
4.3771269e-07
0.99989843
4.484636e-08
2.3698168e-09
0.000100517405
1.2189847e-08
6.844565e-09
0.9999938
5.345394e-10
3.979532e-11
6.168222e-06
1.1758985e-07
1.7327814e-07
0.99999154
2.9615457e-08
1.7356507e-09
8.284035e-06
4.3902646e-06
5.2339733e-06
0.9998165
1.2901779e-06
1.4404887e-07
0.00017248114
4.005199e-06
6.095283e-06
0.9920365
1.12624534e-07
2.5776163e-08
0.007953309
1.7710701e-05
9.733137e-06
0.96551704
3.1256576e-07
6.437574e-08
0.03445506
0.00010538903
0.000101252714
0.9517493
5.701141e-06
1.3620974e-06
0.048037093
3.456912e-07
5.343723e-07
0.9982582
6.343934e-09
8.026121e-10
0.0017409823
6.595259e-09
8.402577e-09
0.9999993
2.2656063e-10
5.8290634e-12
7.2739965e-07
5.81375e-10
6.8636646e-10
0.9999999
2.8054415e-11
2.8293624e-13
6.792356e-08
9.4208026e-08
3.462337e-08
0.9999739
3.1270267e-10
1.3618971e-11
2.5968666e-05
0.0028931687
1.3555961e-05
0.978083
7.4063237e-06
7.5376643e-06
0.018995237
1.3392863e-06
2.4441547e-06
0.9990877
8.011683e-08
2.907312e-08
0.0009083849
2.5978494e-05
4.067083e-05
0.98388195
5.910913e-06
2.2457216e-06
0.01604336
0.021127608
0.0009319155
0.0656521
0.00058488885
0.0018569585
0.9098465
0.3738356
0.0036328847
0.46706682
0.0007153574
0.015873268
0.13887604
0.0005237008
9.6403026e-05
0.99619836
7.4048216e-06
4.3409833e-05
0.0031306825
2.722991e-08
4.0400703e-08
0.99999547
8.916966e-10
2.0246253e-11
4.468919e-06
6.8169004e-10
9.996324e-10
0.9999993
4.8466418e-12
1.5917842e-13
7.2882176e-07
7.703039e-09
6.399484e-08
0.99998975
2.8393299e-09
4.219657e-11
1.0100355e-05
9.20206e-08
2.313743e-06
0.99991846
1.1396366e-07
2.2613404e-09
7.905284e-05
3.3595022e-06
0.0001460945
0.9997979
2.523533e-06
1.9570832e-08
5.0144947e-05
8.6536204e-08
2.9389398e-07
0.99999225
3.740093e-08
1.478794e-09
7.4112777e-06
3.2749462e-08
4.06442e-07
0.9999957
1.871483e-08
1.4150087e-10
3.837431e-06
3.809583e-09
3.079534e-08
0.99999607
6.473027e-10
4.323326e-12
3.9864035e-06
2.987624e-08
1.553453e-06
0.9999696
1.6726352e-08
5.628369e-11
2.8857074e-05
8.1993035e-09
1.0106541e-07
0.99992394
7.7542095e-10
7.404136e-12
7.5950586e-05
1.9860569e-09
4.4328154e-08
0.99999475
9.641532e-10
1.5340187e-12
5.2966143e-06
8.072679e-09
1.2299186e-07
0.9999852
2.0833835e-09
2.3462898e-11
1.4624281e-05
7.466458e-08
2.2142171e-06
0.99989617
3.4317726e-08
7.94563e-10
0.00010160277
2.610125e-06
0.0002459914
0.996433
1.1559761e-06
2.3596508e-08
0.0033171426
1.359164e-08
6.875494e-08
0.9994704
5.138692e-09
3.5106104e-10
0.0005295418
2.9383662e-08
1.1678347e-07
0.99994636
3.7723735e-09
1.9114604e-10
5.349132e-05
1.717282e-07
2.6571823e-07
0.9997956
1.4264602e-07
1.9685798e-08
0.0002038245
4.0327356e-07
9.788064e-07
0.9999821
2.1168174e-07
6.3922347e-09
1.625091e-05
2.2508447e-08
3.607393e-08
0.9999999
8.610249e-09
6.115691e-11
7.644312e-08
7.743028e-07
2.0701193e-06
0.9999863
3.3334888e-07
5.8315988e-09
1.049242e-05
4.2015563e-06
1.24337685e-05
0.9998273
2.460338e-06
2.3086731e-07
0.00015325983
2.0640114e-06
2.282763e-05
0.99996114
5.533554e-07
3.011031e-08
1.3302243e-05
9.701112e-08
1.5321724e-07
0.99999726
3.14949e-08
1.3139894e-09
2.5339152e-06
9.683441e-07
6.839818e-07
0.99997795
3.3465076e-07
5.6751013e-08
1.9969368e-05
1.3195263e-07
5.420616e-08
0.9999975
3.4020875e-08
6.725327e-09
2.2736067e-06
5.163e-07
1.0645643e-06
0.99998474
2.2076057e-07
2.9014098e-08
1.3472513e-05
2.8259487e-08
2.0454175e-08
0.9999993
7.110314e-09
9.1195507e-10
7.210345e-07
1.5279072e-06
1.5610885e-06
0.99999
6.5266784e-07
4.368334e-08
6.259218e-06
1.640333e-08
9.661872e-09
0.99999976
4.2416204e-09
1.2366105e-10
2.467614e-07
1.3962174e-08
4.8681876e-15
3.536036e-11
4.55677e-13
3.2981834e-13
1.0
2.8644243e-09
2.9411936e-15
3.846409e-10
8.463431e-13
9.93348e-13
1.0
2.0756016e-08
1.3209257e-13
1.3477832e-09
5.1693133e-12
4.8183298e-12
1.0
4.3818466e-07
2.6874473e-11
6.349745e-08
4.3204107e-10
2.8195932e-10
0.9999995
3.0500715e-07
6.109717e-11
6.9205896e-07
3.1521021e-09
2.6725433e-09
0.99999905
3.0971812e-09
4.124747e-13
2.703645e-10
9.211172e-15
2.3315724e-14
1.0
1.5065003e-09
1.1267105e-12
2.1498698e-08
2.1464894e-12
5.966409e-13
1.0
2.3443844e-10
1.5853428e-14
2.1429407e-10
8.875615e-15
1.4322378e-14
1.0
3.4556713e-08
2.6892713e-13
1.0808611e-09
3.1170296e-12
9.982102e-13
1.0
1.573113e-07
3.4812146e-11
7.3503656e-09
8.699343e-12
2.544425e-11
0.9999999
4.1480313e-08
4.1012614e-12
4.7226374e-09
3.879206e-12
3.0359164e-12
1.0
1.2245932e-10
4.7123963e-17
9.0282365e-12
8.703945e-15
5.1317982e-15
1.0
5.221601e-10
2.2484943e-15
4.0192097e-10
3.8635057e-13
4.2681665e-13
1.0
1.3112333e-10
1.6887333e-16
3.548816e-13
2.866599e-17
1.0353307e-16
1.0
8.925719e-10
2.3652712e-16
5.3752354e-12
1.1374279e-14
5.052237e-15
1.0
2.9644644e-08
1.0574135e-12
7.04122e-09
1.1592485e-11
6.302725e-12
1.0
2.1797891e-07
2.1959017e-10
1.9031033e-07
1.3357895e-10
3.891167e-11
0.99999964
1.2166137e-08
7.774069e-13
1.4377273e-08
1.2340136e-11
2.4228085e-12
1.0
5.127138e-08
1.3318818e-10
3.500343e-07
1.2758646e-10
9.2437114e-11
0.99999964
6.3302275e-09
1.6686747e-11
2.7957562e-08
1.2729954e-12
1.0298969e-12
1.0
7.795078e-08
3.76465e-10
6.853336e-07
1.8618178e-10
4.890157e-11
0.9999993
2.8287117e-08
1.0751147e-12
1.882208e-09
1.5658111e-12
1.631369e-12
1.0
2.2577855e-07
3.7384464e-11
5.4684804e-08
2.3929583e-10
1.6689235e-10
0.99999976
1.8880122e-08
1.8609856e-13
2.1830734e-10
2.7827786e-13
1.3430381e-13
1.0
1.534943e-08
3.6188102e-13
3.1490284e-09
4.4780386e-12
3.740983e-13
1.0
9.156617e-09
9.867281e-12
7.3575483e-09
4.907834e-13
6.4072765e-13
1.0
1.45894266e-08
3.9789626e-12
1.9249624e-09
2.1949193e-13
2.9622526e-13
1.0
1.2538208e-09
4.8492086e-15
1.4699464e-10
7.563248e-14
8.4621675e-14
1.0
1.9571866e-09
9.298788e-17
3.4909074e-12
2.9792155e-14
2.1817704e-14
1.0
9.804448e-09
7.741449e-15
6.1456264e-11
2.0862413e-13
5.490329e-14
1.0
4.6132373e-09
1.1676432e-15
1.3200304e-11
4.0721048e-14
1.4662025e-14
1.0
1.1989221e-08
6.191054e-14
1.379539e-10
1.1714186e-13
6.622601e-14
1.0
0.00014553317
4.2729903e-11
1.9495634e-08
1.0558268e-08
1.16073195e-08
0.99985445
4.1492526e-06
7.311258e-12
6.9455797e-09
9.783816e-10
1.4014668e-09
0.9999958
4.033393e-06
6.421693e-11
1.06858316e-07
3.261692e-09
9.756651e-09
0.9999958
2.804377e-07
1.0218819e-12
1.4389168e-09
5.633197e-12
1.1181091e-11
0.99999976
4.5780205e-08
2.9971707e-13
2.252708e-09
6.079055e-12
1.5031119e-11
1.0
5.082274e-08
1.3364963e-13
1.027344e-09
3.8603105e-12
5.1340967e-12
1.0
1.7780305e-11
2.6323232e-19
6.4565656e-14
3.1699384e-17
1.7749697e-16
1.0
1.2536336e-10
4.478401e-18
1.6013785e-12
9.746501e-16
1.8137872e-15
1.0
1.0199475e-05
8.606306e-12
8.24803e-09
7.486829e-10
2.1663857e-09
0.99998975
0.00053840154
1.1024973e-10
5.6225357e-08
1.7900641e-08
1.7623117e-08
0.9994615
0.00032950874
2.6111563e-12
3.3249408e-09
5.5900213e-09
2.178421e-09
0.9996705
1.03454525e-08
3.5581656e-15
2.0249366e-10
7.367532e-13
9.432423e-13
1.0
1.3283825e-08
4.083443e-15
1.3555011e-10
5.6268597e-13
1.6505991e-12
1.0
6.2017302e-09
4.754706e-16
1.8201954e-11
1.5655774e-13
1.3183482e-13
1.0
4.1439826e-08
9.579533e-14
3.9113823e-09
1.8398536e-11
9.742804e-12
1.0
0.017695032
1.2848173e-07
1.3067154e-05
1.2750091e-06
1.5898765e-06
0.98228896
0.17356148
3.489243e-07
2.9795738e-05
3.3790936e-06
5.033145e-06
0.8263999
0.0016468754
1.6025833e-09
2.2739646e-07
3.120306e-07
2.3165512e-07
0.9983524
7.924392e-09
4.0056576e-13
1.756387e-08
3.7819504e-12
1.7163515e-12
1.0
2.0738848e-07
4.8223166e-13
2.6106355e-09
5.215724e-11
2.0069172e-11
0.99999976
2.7119824e-09
1.498491e-12
3.9465e-08
4.6975297e-12
1.9735802e-12
1.0
3.9337805e-10
1.5125189e-15
2.3371772e-11
5.8037427e-15
8.232686e-15
1.0
9.7772244e-08
7.390251e-12
3.99302e-08
7.945268e-11
1.2089643e-11
0.9999999
8.2321594e-07
2.9694235e-08
0.0002807584
3.3746698e-08
8.717801e-09
0.99971837
4.370688e-11
5.1712754e-16
1.1447954e-10
2.0653503e-15
5.8655475e-16
1.0
8.277924e-11
2.7792326e-15
2.4449262e-10
5.7529563e-15
7.1237324e-16
1.0
2.200524e-09
2.5661206e-13
2.557643e-09
2.3456242e-13
6.500853e-14
1.0
2.474854e-07
2.687047e-12
3.2084813e-08
2.5274677e-10
7.5814265e-11
0.99999976
6.33921e-06
6.459416e-11
9.921437e-08
5.831641e-09
1.8711996e-09
0.99999356
3.5943892e-06
2.418794e-10
1.3118158e-07
3.2426377e-09
4.741104e-09
0.9999963
0.00029536418
1.0716695e-05
0.0009865991
1.8034934e-05
1.331112e-05
0.998676
1.776004e-05
8.144603e-08
6.408139e-05
6.8327245e-07
4.8309533e-07
0.9999169
4.5056994e-10
3.9002555e-15
3.6990555e-10
1.2815359e-13
1.6977592e-13
1.0
1.3878532e-09
2.5308979e-14
9.1463137e-10
3.294964e-13
6.0603665e-13
1.0
8.2023655e-07
2.630716e-10
4.0288666e-07
1.0074721e-09
3.3680242e-10
0.9999988
7.4620116e-06
2.3912856e-08
1.3859427e-05
6.3558154e-08
2.1268535e-08
0.99997854
1.009887e-06
1.3743546e-09
7.0857136e-06
1.6710398e-08
2.9014306e-08
0.9999919
5.67053e-07
1.44976895e-11
5.023061e-08
6.42895e-10
9.436644e-10
0.9999994
1.5044295e-05
6.2319647e-09
3.9707998e-06
8.876049e-08
3.908655e-07
0.99998045
0.0011534471
2.9297712e-06
7.8954334e-05
8.971608e-06
8.322968e-05
0.9986725
6.689562e-05
1.8477483e-08
4.6375594e-06
3.1130452e-07
4.6233023e-07
0.99992764
5.9574345e-10
5.181385e-16
1.2769209e-11
9.814821e-15
4.2877778e-15
1.0
3.140285e-08
2.5686278e-13
1.9802573e-09
5.5730095e-12
1.4695076e-12
1.0
7.659257e-08
9.619897e-12
9.8635354e-08
2.4377736e-10
1.7085013e-10
0.9999999
1.5217384e-07
5.8225083e-13
1.8458025e-09
2.794504e-11
1.07632575e-11
0.9999999
1.6729356e-07
3.804175e-12
6.9990375e-10
2.2693594e-12
3.2222617e-12
0.9999999
1.2432201e-07
1.6110295e-11
6.311708e-09
2.8219278e-11
1.9168852e-11
0.9999999
1.2179841e-07
1.6554417e-12
3.4015877e-09
2.630326e-11
1.2054275e-11
0.9999999
1.2373478e-06
1.6589237e-11
4.3301462e-08
1.2176191e-09
2.2392099e-10
0.9999987
0.00086513587
3.969538e-09
4.2808156e-07
1.6153218e-07
1.9386698e-08
0.99913424
2.7993153e-06
1.01621246e-10
5.077299e-08
1.1162576e-09
3.0220224e-10
0.99999714
7.7582666e-07
1.784988e-11
2.5430781e-08
4.110503e-10
1.3176503e-10
0.99999917
3.0915995e-08
5.0382092e-14
3.2263736e-10
3.845261e-12
2.1256295e-12
1.0
7.056038e-08
5.0431308e-14
3.5469397e-10
9.0901635e-12
1.844976e-12
0.9999999
2.7447692e-07
1.5447794e-11
2.1812678e-09
7.39747e-12
5.9382325e-12
0.99999976
3.5174764e-07
3.910213e-11
8.551589e-09
3.4846147e-11
8.793294e-12
0.99999964
2.8825398e-06
4.0343267e-11
6.2320686e-09
1.4275023e-10
3.630501e-11
0.99999714
6.760276e-07
2.6822029e-11
8.304685e-09
4.7489686e-11
3.8196318e-11
0.9999993
2.8433983e-06
8.038902e-11
5.0872256e-08
2.5426934e-09
9.501352e-10
0.99999714
6.2932446e-09
2.736553e-14
7.186038e-10
1.6250089e-12
6.754228e-13
1.0
2.9644644e-08
1.912574e-13
2.6285436e-09
1.2436921e-11
5.8633224e-12
1.0
3.029294e-07
1.5553754e-11
9.015999e-08
8.804515e-10
2.9751773e-10
0.99999964
3.9813393e-08
1.3406177e-12
3.3455825e-09
7.6248435e-12
2.4802638e-12
1.0
5.395028e-07
1.11936814e-10
2.2005227e-09
3.4705106e-12
2.1784874e-11
0.9999994
2.175536e-07
2.2823543e-13
1.1516945e-09
6.889499e-11
3.9834438e-11
0.99999976
4.0694533e-05
8.001822e-09
1.036834e-06
1.2203144e-07
3.710861e-08
0.99995816
5.5725272e-06
4.8520778e-11
1.1362193e-08
1.0025604e-09
1.3305747e-10
0.9999944
6.306489e-08
2.384534e-14
1.5417653e-11
2.8795372e-13
1.734629e-13
0.9999999
4.0757534e-08
5.312612e-12
2.1561773e-08
3.1023094e-11
3.3604525e-12
0.9999999
3.920198e-07
3.5952283e-11
4.3458004e-10
7.9973777e-13
2.098814e-12
0.99999964
1.7028542e-06
6.1507023e-12
1.0243368e-09
1.1414445e-10
1.5938138e-11
0.99999833
3.7370276e-07
3.108374e-11
2.6465727e-09
4.435181e-11
2.612406e-11
0.99999964
4.7432222e-06
1.3608e-10
7.5626e-08
3.22684e-09
9.501333e-10
0.99999523
1.6312343e-06
2.2494977e-12
1.3331813e-10
8.724853e-12
1.28066524e-11
0.99999833
9.676155e-05
2.6429452e-11
1.5181689e-09
3.136448e-09
3.0040845e-10
0.9999032
3.0115962e-07
7.0613934e-16
3.8141965e-14
5.6590796e-14
5.5487947e-15
0.99999964
2.944707e-07
4.818328e-12
4.782973e-09
9.162824e-11
2.3009417e-11
0.99999964
3.462427e-08
8.123321e-13
1.1664091e-09
1.8145997e-12
1.146691e-12
1.0
3.0406976e-08
6.747635e-13
8.909633e-09
2.3144642e-11
2.8219281e-11
1.0
7.287134e-08
9.599693e-13
1.1449662e-09
4.79486e-12
4.0614044e-12
0.9999999
7.280021e-08
3.733683e-13
2.394939e-11
1.1442827e-13
2.6449936e-13
0.9999999
1.7603431e-06
3.3023858e-11
6.0344387e-09
1.1447933e-10
5.6340294e-11
0.9999982
2.0901504e-07
8.991694e-13
1.0064897e-09
2.0325581e-11
1.2304034e-11
0.99999976
3.2309714e-07
4.8942057e-12
2.5405972e-08
7.292074e-10
1.7322781e-09
0.99999964
1.937138e-06
1.0191947e-10
1.9292976e-07
6.784699e-09
1.8263496e-08
0.99999785
3.8906917e-05
1.3128517e-08
2.4462847e-06
1.7175616e-07
7.1041434e-08
0.9999584
5.919487e-07
3.6779857e-09
1.4925251e-06
1.0925322e-09
1.0496524e-09
0.99999785
2.9447057e-07
2.1766854e-10
4.931454e-07
9.585247e-10
3.7390024e-10
0.99999917
4.1771057e-07
1.7235828e-10
2.60593e-08
2.2830354e-11
2.2608486e-11
0.9999995
2.718095e-07
7.968577e-11
8.034673e-08
3.1271072e-10
8.094064e-11
0.99999964
5.502229e-06
1.2646934e-10
5.976665e-08
5.4997664e-09
7.6718987e-10
0.9999944
3.503241e-08
1.6522118e-12
1.2345664e-08
2.1531084e-11
3.767206e-12
1.0
1.3667442e-07
1.5568952e-11
7.4526604e-08
2.569778e-10
6.3655255e-11
0.99999976
6.78011e-07
1.0913044e-10
3.1649122e-08
2.2567735e-10
1.1985633e-10
0.9999993
5.0731126e-07
5.9556535e-12
1.1907538e-08
2.855617e-10
1.953075e-10
0.9999995
2.3278217e-05
1.6352516e-09
4.6963365e-07
7.856033e-08
2.2180611e-08
0.99997616
8.749586e-06
1.8053096e-07
1.0783215e-05
1.4251181e-08
7.378989e-09
0.9999802
1.4352458e-06
1.8477474e-08
7.127956e-05
5.5868334e-08
3.149269e-08
0.99992716
1.2629848e-06
2.3512595e-10
1.2914809e-07
1.8730373e-09
5.361103e-10
0.99999857
2.327523e-06
1.0455594e-09
4.775054e-07
5.803257e-09
2.2199433e-09
0.99999714
1.9070972e-06
3.836277e-08
4.4995645e-06
4.6222266e-09
2.4003226e-09
0.99999356
5.0287133e-07
7.733253e-09
1.3171492e-06
4.1548928e-10
5.0117577e-10
0.9999982
2.9222188e-06
2.9294802e-09
4.120374e-07
4.4669237e-09
4.3549337e-09
0.99999666
3.1015857e-06
3.4749292e-10
2.1522844e-07
3.6068428e-09
1.4138398e-09
0.99999666
1.3016117e-07
4.9333287e-11
7.2587234e-08
6.561178e-11
4.236215e-11
0.99999976
6.7450756e-09
4.592509e-13
3.5474697e-09
7.7135705e-13
3.844687e-13
1.0
4.798425e-07
4.1840114e-09
2.7317992e-06
1.0394506e-09
1.649475e-10
0.9999968
2.7989043e-07
1.606556e-10
3.2336455e-08
4.693643e-11
1.845251e-11
0.99999964
1.060429e-06
1.6239057e-10
1.4660823e-08
9.3435384e-11
2.4019635e-11
0.9999989
1.262798e-07
5.322203e-13
4.3119822e-10
2.9425106e-12
8.5298093e-13
0.9999999
1.7145344e-06
8.754371e-09
6.772474e-08
3.2639117e-11
1.0806978e-10
0.9999982
2.3526613e-06
2.1788087e-10
6.076735e-08
5.0412063e-10
2.0871709e-10
0.9999976
3.224667e-07
7.8592e-12
2.9123741e-09
1.4258995e-11
4.327565e-12
0.99999964
1.9927825e-06
2.0605342e-11
5.9874767e-09
2.187337e-10
4.6028525e-11
0.999998
1.2349336e-06
1.6801187e-11
2.6285405e-09
3.34458e-11
1.890854e-11
0.9999988
1.1164275e-08
6.912336e-15
7.875743e-11
2.5337488e-13
5.7090387e-14
1.0
8.194362e-07
1.6031811e-11
2.6157378e-09
3.1144497e-11
2.1135248e-11
0.99999917
1.9850133e-06
3.194059e-12
3.016128e-10
2.1977153e-11
1.0943414e-11
0.999998
3.514043e-07
1.39015075e-11
1.5006264e-09
5.783703e-12
7.9053855e-12
0.99999964
8.2332484e-08
6.157641e-11
3.9196138e-08
1.293235e-11
2.4589266e-11
0.9999999
2.9906342e-08
5.997404e-11
1.1814878e-08
5.6378605e-13
1.0709233e-12
1.0
3.7990194e-08
4.142126e-11
1.5715773e-07
3.367525e-11
6.962866e-12
0.99999976
1.8478711e-06
1.6099283e-07
0.00030238178
2.4425253e-08
2.2261174e-08
0.99969554
7.5552535e-08
1.5904688e-12
6.005055e-09
1.48415e-11
4.7901795e-12
0.9999999
2.0298039e-07
1.647132e-13
6.7562435e-11
1.7708339e-12
4.1570965e-13
0.99999976
2.5907068e-08
2.133949e-12
3.444019e-11
3.3393247e-15
1.8462276e-14
1.0
1.266503e-07
7.686939e-10
5.542104e-10
1.3078934e-14
6.326448e-13
0.9999999
2.8764936e-07
1.0121021e-11
3.4744214e-11
5.0480575e-14
4.8176095e-13
0.99999976
1.8458027e-09
4.941499e-13
5.84308e-09
6.780663e-13
1.4909693e-13
1.0
2.204497e-10
1.4406545e-14
2.2542359e-11
2.6257982e-16
9.191826e-16
1.0
1.9775347e-05
9.96689e-10
1.400077e-09
5.0445377e-12
9.7917605e-11
0.9999802
7.3431923e-09
1.1454008e-13
1.5193458e-11
2.2136346e-15
6.2386797e-15
1.0
1.8455272e-10
7.444879e-15
5.5583654e-10
2.4989705e-14
3.6389895e-15
1.0
1.15828985e-10
5.285946e-13
5.7572525e-10
3.9765873e-16
6.0704022e-15
1.0
8.41901e-09
6.2311556e-10
6.785726e-08
1.4707236e-13
1.607646e-12
0.9999999
3.869013e-10
7.103953e-15
1.0210371e-11
2.143114e-16
1.4070718e-15
1.0
3.6887848e-09
2.065967e-13
3.7640908e-11
2.0116046e-15
1.559241e-14
1.0
4.988099e-09
5.183706e-13
1.4110859e-09
3.3929242e-13
1.6600511e-13
1.0
2.3268347e-08
8.947899e-13
2.7230033e-08
4.967169e-11
4.046175e-11
1.0
1.0336896e-07
4.391425e-12
5.399496e-08
4.212095e-10
3.485136e-10
0.9999999
9.213167e-07
1.15942034e-10
1.04791816e-07
8.813111e-10
5.3978794e-10
0.9999989
3.2818517e-07
1.599815e-12
5.860221e-09
1.0849291e-10
2.2388777e-11
0.99999964
2.7108796e-05
2.502838e-10
1.6777983e-07
5.0573806e-08
7.55392e-09
0.9999727
3.5968398e-08
1.9951927e-11
4.0837218e-08
8.853614e-12
9.414018e-13
0.9999999
8.453224e-08
9.610507e-12
3.5828172e-08
2.4137227e-11
8.022041e-12
0.9999999
2.8429807e-07
5.656088e-11
6.1784725e-08
8.4082796e-11
1.4928713e-11
0.99999964
6.006841e-07
1.4124626e-09
8.0201846e-07
8.327802e-10
1.7765578e-10
0.99999857
1.91457e-06
8.341588e-12
4.5107664e-09
2.7435357e-10
3.9370285e-11
0.9999981
1.6198821e-07
3.0807147e-12
1.0487865e-08
5.6837746e-11
8.061307e-12
0.9999999
3.0585667e-08
7.1119556e-14
6.2923056e-10
2.3922446e-12
6.0900303e-13
1.0
2.5530337e-08
1.7194503e-13
2.6465736e-09
7.072517e-12
2.0461952e-12
1.0
1.8301957e-07
1.6738189e-10
7.245636e-07
7.892311e-10
1.688595e-10
0.99999905
5.5466916e-11
8.608376e-17
3.3708158e-11
3.2651564e-15
6.1659967e-15
1.0
5.046897e-09
3.3758935e-14
1.9381665e-09
2.0602307e-12
3.1440768e-13
1.0
1.8993903e-07
8.045576e-12
7.04227e-08
3.764652e-10
1.2821097e-10
0.99999976
7.880441e-07
1.3820286e-11
1.770161e-08
2.1597463e-10
5.492784e-11
0.99999917
4.4471517e-06
3.030884e-10
6.912778e-08
9.066237e-10
3.296425e-10
0.99999547
3.3405388e-06
4.4531911e-10
1.11659034e-07
1.1859308e-09
6.033527e-10
0.99999654
5.742978e-07
1.34475105e-11
1.2285522e-08
1.1503982e-10
6.815884e-11
0.9999994
6.3640155e-06
1.2392044e-09
8.388632e-07
2.7017931e-08
8.104336e-09
0.9999927
5.782371e-07
1.2781678e-11
2.848113e-08
6.063077e-10
2.1852052e-10
0.9999994
1.560871e-07
7.2038935e-13
2.6182956e-09
4.9478033e-11
5.979858e-11
0.9999999
1.05566535e-10
2.0734337e-15
9.93793e-10
3.527556e-14
3.073786e-14
1.0
1.4163973e-10
1.0234214e-15
1.4991622e-09
1.8628038e-13
2.2935264e-13
1.0
1.1747605e-07
2.541562e-12
1.0017368e-08
9.7728464e-11
4.96232e-11
0.9999999
1.214601e-06
1.2885765e-09
1.5081955e-08
4.7629e-11
5.085715e-10
0.9999988
3.2850582e-07
5.995611e-13
1.7436396e-11
9.044533e-13
8.219073e-13
0.99999964
1.4522678e-06
5.2184765e-14
4.0264604e-11
7.50662e-12
1.0359476e-12
0.99999857
5.446349e-09
6.264032e-14
1.1917398e-09
2.2938689e-12
4.289058e-13
1.0
2.5605242e-08
5.1584567e-13
4.881347e-10
2.7480839e-12
1.7264378e-12
1.0
3.2653798e-08
7.1537496e-14
2.0631674e-09
3.457499e-11
8.726171e-11
1.0
2.5179905e-09
9.58603e-16
1.9896532e-10
8.6387896e-13
4.63827e-12
1.0
3.565366e-08
7.3459793e-13
1.2331772e-09
2.7187215e-12
1.8850433e-12
1.0
6.005952e-08
1.0208845e-12
1.0570122e-08
9.527831e-11
2.1011786e-11
0.9999999
1.2696504e-10
3.9915554e-17
1.584505e-11
1.5455968e-14
7.61399e-15
1.0
4.5461532e-09
2.4506359e-14
2.5077992e-10
2.286817e-13
2.0944066e-13
1.0
3.189261e-09
5.900898e-15
2.6153496e-10
4.9948674e-13
2.0220544e-13
1.0
1.2705822e-05
3.4631797e-13
8.4836677e-10
1.5182966e-09
2.73548e-10
0.99998724
3.1346244e-07
1.51297e-13
5.1456683e-10
8.641366e-11
5.8128807e-11
0.99999964
6.779103e-08
4.723724e-14
1.5754828e-10
5.059438e-12
2.9830166e-12
0.9999999
4.801695e-09
9.979122e-15
1.716864e-10
8.681074e-13
3.3305498e-13
1.0
3.6068548e-09
1.1850501e-14
4.5721865e-10
1.5176361e-12
1.1489329e-12
1.0
1.6070363e-08
1.877414e-13
7.2505575e-09
3.286306e-11
2.937208e-11
1.0
5.1113775e-09
1.8052219e-14
2.5622607e-10
6.6042126e-13
3.8409342e-13
1.0
7.779873e-08
1.0309029e-12
6.9922057e-10
4.4999573e-12
4.804234e-12
0.9999999
1.1464271e-07
3.4228756e-13
1.0546348e-10
9.991854e-13
1.4984908e-12
0.9999999
2.1519703e-08
3.249737e-14
9.6307344e-11
3.8635057e-13
2.410647e-13
1.0
1.4775825e-08
4.100037e-14
6.74965e-11
1.282788e-13
1.2852959e-13
1.0
4.910766e-09
1.3450613e-16
5.29628e-13
1.8247184e-14
6.399112e-15
1.0
3.5828176e-08
3.3693063e-14
1.5077471e-10
3.6799387e-12
1.0471374e-12
1.0
2.555528e-08
1.8393044e-13
1.2022603e-09
8.29287e-12
6.168759e-12
1.0
3.603872e-08
3.073786e-14
2.2152875e-10
4.0495237e-12
3.7269545e-12
1.0
6.1023165e-06
1.3887858e-11
3.710993e-08
1.5347044e-09
1.8824773e-08
0.9999938
2.1676542e-05
1.2783312e-10
2.0860266e-07
9.521165e-09
1.9788715e-07
0.99997795
0.00027398765
1.1880991e-08
3.555005e-06
1.7925457e-07
1.4293555e-06
0.9997209
3.9907423e-05
2.2438313e-09
1.5383386e-06
8.010835e-08
4.2138058e-07
0.99995804
1.051295e-05
4.303517e-10
9.971432e-07
2.1082622e-08
5.593467e-07
0.99998796
0.050974235
1.4439695e-06
4.9722545e-05
1.6983457e-05
0.00020469018
0.94875294
1.2750002e-08
9.291098e-16
6.3645764e-12
6.550862e-15
1.6265966e-12
1.0
0.00015890089
5.230975e-10
1.5200108e-07
1.1743979e-08
3.911926e-07
0.9998405
1.22549245e-05
2.6665016e-11
4.3048008e-08
1.1142353e-08
1.1781927e-07
0.9999876
0.0165449
1.4017303e-07
1.5399592e-05
2.7475462e-06
1.4298037e-05
0.9834225
0.018123597
9.8270654e-08
3.94521e-05
8.734449e-06
1.3647603e-05
0.98181444
0.00097163965
1.572875e-08
5.4010975e-06
4.2139735e-07
7.112427e-07
0.99902177
7.3106444e-06
5.4438715e-12
1.2130458e-08
4.2658793e-10
4.983194e-09
0.9999927
2.3760525e-05
1.9876635e-10
1.4323015e-07
5.6300857e-09
9.653653e-08
0.99997604
0.0022234432
2.0848248e-09
2.428992e-06
1.6305049e-07
2.4364825e-05
0.9977496
6.265217e-05
4.2491575e-09
0.00011378129
1.06111905e-07
1.2287013e-06
0.9998222
3.3145152e-06
1.3103293e-08
8.381658e-06
9.756578e-09
1.0007474e-08
0.9999883
8.530076e-06
4.3426944e-08
2.8548548e-05
7.7871846e-08
9.681848e-08
0.9999627
7.134599e-05
8.9710284e-08
4.4170134e-05
1.0428477e-06
1.2764765e-06
0.9998821
0.02465618
1.5342832e-07
4.8387196e-06
1.1327529e-05
1.108676e-05
0.97531646
7.51391e-05
1.6256136e-09
3.7992993e-07
9.494219e-08
1.4547815e-07
0.9999242
0.00090132543
3.8693013e-10
5.7875916e-08
1.0029402e-07
6.356426e-08
0.9990984
1.8814582e-05
1.2402154e-10
1.1275305e-07
1.458915e-08
7.778565e-09
0.99998105
0.0015173701
2.6216013e-10
9.877463e-08
5.67215e-08
4.391667e-08
0.9984824
0.00016235044
1.775059e-08
2.5533686e-06
1.537916e-07
2.275453e-06
0.99983263
0.00054786884
1.1547993e-06
0.000114615475
6.803002e-06
1.4873642e-05
0.99931467
0.00011739109
1.2613197e-07
6.8808775e-05
1.4100652e-06
7.0843903e-06
0.99980515
1.1299235e-06
1.562987e-11
1.6992784e-07
5.482882e-10
3.4652883e-09
0.9999987
0.008950342
1.0172646e-08
1.7141207e-06
3.7070458e-07
3.9165898e-05
0.99100846
5.099202e-05
1.8547405e-09
9.816443e-07
7.2512606e-08
2.5260002e-07
0.99994767
1.2606933e-05
1.1360406e-09
1.0470384e-06
2.5906713e-08
7.772174e-08
0.9999863
1.0675445e-07
2.4228083e-12
5.4471617e-08
5.1953906e-11
2.3038782e-09
0.9999999
5.965919e-07
3.637605e-11
5.0533305e-07
4.867062e-10
4.6365045e-08
0.9999988
0.0029376312
4.7020952e-05
0.01198737
0.00032480026
0.00027917625
0.98442405
0.00013512398
1.8600226e-09
2.8098912e-06
4.480094e-08
1.4113124e-07
0.99986184
4.0125652e-08
6.443968e-14
1.2259727e-09
4.5887114e-12
7.875743e-11
1.0
1.4313445e-05
8.959186e-11
6.36207e-08
3.5335883e-09
6.570438e-08
0.9999856
2.6012344e-07
4.0687365e-13
3.7432164e-09
6.2790884e-11
2.3261396e-10
0.99999976
2.1953407e-05
6.8779333e-09
3.6260396e-06
9.6442136e-08
6.9668474e-08
0.99997425
1.555222e-05
2.1327824e-09
2.2846998e-06
7.711655e-08
2.0179091e-07
0.9999819
7.289246e-06
2.675133e-09
1.5294017e-06
1.9498298e-08
1.4908355e-07
0.99999106
2.2539672e-05
2.1815104e-08
1.261894e-05
7.503496e-08
3.008992e-06
0.99996173
2.3843414e-08
4.994122e-14
1.7855226e-09
2.307349e-12
1.2067856e-10
1.0
1.3211941e-05
3.0491194e-09
1.2027813e-06
2.3519306e-08
1.2335276e-07
0.99998546
0.00012582506
1.5960882e-07
1.5189961e-05
5.884038e-07
7.4174686e-06
0.99985075
9.827915e-06
4.5056534e-10
2.637016e-07
1.135105e-08
1.8699242e-07
0.99998975
2.83508e-06
5.029866e-12
7.096425e-09
4.7265325e-10
1.097879e-09
0.99999714
3.289143e-05
4.6751925e-11
9.210123e-09
4.617593e-09
1.4209305e-08
0.9999671
3.2603566e-05
1.0005757e-09
6.362895e-07
2.3749648e-08
8.851275e-07
0.9999659
0.24018396
1.9841847e-05
0.00017359735
0.00029994934
0.004912371
0.7544103
0.18697627
0.00055469834
0.01487574
0.00724278
0.025132097
0.7652185
0.00023184982
2.0471495e-07
3.1224623e-05
1.7667411e-06
1.5040375e-05
0.9997199
0.00039779616
7.3133145e-07
5.6861994e-05
4.736392e-06
9.076296e-06
0.9995308
0.0015289432
3.9756314e-06
0.00013178345
2.6825775e-05
4.0191684e-05
0.99826825
6.674995e-07
1.9871162e-12
9.085354e-09
1.5831934e-10
3.0106961e-09
0.9999993
1.14866836e-07
4.430192e-12
5.33659e-08
1.0577291e-10
3.3130694e-09
0.9999999
4.395327e-06
1.6352779e-09
2.8600937e-06
1.7736095e-08
4.218067e-07
0.99999225
0.0027412244
2.2041295e-05
0.00075087417
5.6725865e-05
0.00026461325
0.99616456
9.407288e-06
8.3903115e-07
0.0007717891
6.0847674e-07
7.0446816e-07
0.9992167
1.065757e-05
6.362026e-08
1.0533407e-05
3.5513903e-08
2.6160748e-08
0.99997866
7.65064e-09
2.4462192e-13
3.351623e-10
1.6927928e-13
7.395264e-14
1.0
1.15750485e-08
3.6727583e-12
2.2530443e-08
3.665592e-12
8.1630823e-13
1.0
6.0817777e-09
1.46499e-13
3.2331637e-09
1.6202551e-12
3.6011832e-13
1.0
1.926268e-11
1.9092815e-18
1.965886e-12
4.594938e-16
5.673991e-16
1.0
4.8663407e-11
2.500292e-17
7.190912e-12
1.1130854e-15
4.7826477e-16
1.0
2.2196184e-10
8.343524e-17
4.3914256e-12
3.572092e-15
4.717705e-16
1.0
2.0991278e-11
4.396072e-18
1.811059e-12
5.176328e-16
2.9436277e-16
1.0
1.0703571e-09
6.081362e-16
1.6414459e-10
1.8519209e-13
9.392845e-15
1.0
6.8199535e-07
7.747223e-10
1.5916554e-07
3.130161e-10
4.1340417e-11
0.99999917
1.4935404e-08
8.439931e-12
5.8041387e-08
1.43708335e-11
4.81761e-13
0.9999999
6.898291e-09
4.8129084e-13
5.7460187e-10
9.72089e-14
3.9122826e-14
1.0
1.9277027e-06
1.475917e-09
4.1393116e-09
1.0160618e-11
1.0891737e-10
0.9999981
1.2864476e-07
1.0060392e-12
6.6664922e-09
6.6775314e-11
2.5518901e-11
0.9999999
1.8951187e-09
1.0643488e-14
2.1962303e-09
1.1311204e-12
1.4338513e-13
1.0
1.3568255e-10
6.6575425e-18
5.4965136e-13
4.997509e-16
2.508002e-16
1.0
7.748386e-09
1.3004466e-13
5.656935e-10
3.005964e-13
2.4458542e-14
1.0
3.8127507e-10
5.8893837e-15
2.594997e-10
2.1521444e-14
2.0754596e-15
1.0
2.1041739e-08
5.3266087e-14
4.3288592e-10
1.2705115e-12
7.7199545e-14
1.0
2.462432e-08
1.1230791e-14
1.6869484e-10
1.0450942e-12
7.735047e-14
1.0
2.1024333e-07
1.0238797e-12
1.394646e-09
5.978965e-12
3.604701e-13
0.99999976
5.362712e-08
2.3732736e-13
2.3038784e-09
8.547762e-12
1.2581645e-12
1.0
1.5289588e-08
7.63975e-12
2.0554307e-08
3.2475346e-12
5.948955e-13
1.0
1.7461257e-08
2.8655114e-13
1.9252498e-08
1.9225094e-11
6.7157707e-12
1.0
1.6715495e-06
3.457493e-11
3.7001538e-08
5.493599e-10
1.6239048e-10
0.99999833
2.4226067e-06
1.1796271e-12
4.658498e-09
8.600541e-10
1.3822327e-10
0.9999976
1.05392015e-08
7.452153e-15
9.4076386e-11
3.4396303e-13
5.378881e-14
1.0
5.526717e-09
3.2816282e-14
1.1755574e-09
1.3577457e-12
1.9868211e-13
1.0
0.045838278
9.1016955e-06
0.00023773486
0.00013231937
0.00015259642
0.95363
0.0002775443
6.5281914e-05
0.1563676
0.0011997251
7.01057e-05
0.84201974
4.0560284e-05
0.00032564154
0.95009077
1.4776288e-05
4.3635987e-06
0.049523927
3.841081e-06
1.9901872e-08
2.6172236e-05
4.8826575e-08
2.3796172e-08
0.99996984
1.6077149e-05
1.30775435e-08
9.169435e-06
1.2553885e-07
1.8463066e-07
0.99997437
8.588769e-06
1.3572088e-08
7.4039817e-06
5.2691842e-08
2.610984e-08
0.9999839
4.803767e-06
4.079669e-08
1.1614018e-05
2.2974437e-08
7.643046e-09
0.99998355
2.9193425e-06
1.2576726e-08
8.65617e-06
2.8121532e-08
5.61917e-09
0.99998844
1.6465072e-09
1.3670587e-12
2.2732725e-07
1.0361035e-11
4.870367e-12
0.99999976
3.9646336e-10
4.4498838e-15
5.9342087e-10
5.6812306e-14
4.0880426e-14
1.0
1.9349571e-07
2.7408556e-10
2.3873772e-06
2.961121e-09
1.1561994e-09
0.9999974
5.3277395e-06
1.3826413e-08
1.6531898e-08
1.0003057e-11
2.7462066e-10
0.99999464
1.2205443e-06
1.241818e-08
1.4780196e-06
6.4604044e-10
9.013286e-10
0.99999726
3.0530532e-07
5.3760357e-11
5.8897847e-08
1.9246744e-10
1.0796445e-10
0.99999964
6.1845085e-08
1.482701e-11
2.840206e-07
5.011765e-10
4.6351245e-10
0.99999964
4.0008263e-08
6.0494435e-12
6.68705e-08
9.1897094e-11
6.4974165e-11
0.9999999
1.2606779e-05
2.2884654e-08
1.3198895e-05
8.815524e-08
7.307235e-09
0.99997413
8.316855e-05
3.3762567e-06
0.0009984666
1.0675865e-06
3.919182e-08
0.9989139
7.120403e-06
3.563744e-11
4.746428e-08
5.126337e-09
5.036262e-10
0.99999285
3.256789e-06
1.0120991e-11
1.4099146e-08
1.143845e-09
3.6416953e-10
0.9999968
3.535625e-05
2.0347762e-10
7.496193e-08
2.1921947e-08
2.381574e-09
0.9999646
1.0021755e-05
1.6607779e-10
8.233166e-08
8.264156e-09
1.5317038e-09
0.99998987
