-6.3984375
-4.4746094
7.4902344
-7.0898438
-10.404297
-2.9541016
-7.852539
-5.439453
7.805664
-7.680664
-10.243164
-1.2041016
-7.1279297
-5.3876953
8.328125
-7.8515625
-10.287109
-2.7539062
-8.588867
-6.1191406
8.818359
-8.31543
-12.920898
-3.2636719
-9.644531
-6.743164
10.451172
-10.107422
-15.49707
-5.7304688
-8.383789
-6.6416016
8.040039
-8.0859375
-11.017578
-4.298828
-7.926758
-5.946289
6.7148438
-7.3466797
-9.760742
-4.2001953
-8.2734375
-6.145508
8.158203
-8.03418
-12.25293
-4.7333984
-8.890625
-6.2148438
7.9375
-8.486328
-11.933594
-4.8896484
-7.908203
-5.1464844
7.361328
-7.473633
-11.206055
-3.2509766
-8.322266
-6.084961
8.094727
-7.9589844
-12.2421875
-4.395508
-9.202148
-6.4003906
9.253906
-9.15918
-14.319336
-5.5322266
-9.118164
-6.0996094
9.950195
-9.5546875
-15.0859375
-4.9746094
-9.893555
-7.251953
10.984375
-10.441406
-16.430664
-6.498047
-8.149414
-6.6591797
8.4296875
-8.042969
-11.55957
-4.213867
-6.9960938
-6.4121094
5.8759766
-5.7089844
-8.791992
-1.9169922
-9.946289
-7.3779297
10.771484
-10.84668
-15.339844
-6.8515625
-10.078125
-6.59375
10.130859
-10.108398
-16.092773
-6.301758
-9.678711
-7.1308594
10.985352
-10.275391
-15.802734
-5.6191406
-8.292969
-5.6601562
8.1171875
-7.7929688
-12.393555
-3.2978516
-6.5371094
-5.0878906
4.3134766
-4.333008
-9.567383
-1.6103516
-8.963867
-5.3251953
7.9873047
-8.333008
-13.470703
-4.1884766
-10.097656
-5.6533203
10.481445
-10.547852
-17.648438
-6.9746094
-10.838867
-6.3251953
10.881836
-11.066406
-18.09082
-6.923828
-9.919922
-6.15625
9.831055
-9.716797
-15.813477
-4.9453125
-9.855469
-7.7441406
11.050781
-10.1484375
-15.810547
-5.5498047
-9.165039
-5.4726562
8.208984
-8.3828125
-13.865234
-3.6455078
-7.788086
-6.2929688
6.803711
-6.7128906
-11.737305
-4.163086
-7.7060547
-4.75
6.2304688
-6.584961
-10.932617
-2.836914
-4.3378906
-9.675781
9.09375
-7.6679688
-8.211914
-5.671875
-3.194336
-8.577148
7.850586
-7.9296875
-7.4921875
-4.5810547
-3.6992188
-8.9140625
8.138672
-6.716797
-8.013672
-5.5185547
-3.4121094
-8.295898
7.522461
-5.732422
-8.944336
-5.3671875
-6.96875
-10.484375
11.613281
-9.624023
-12.030273
-6.107422
-5.338867
-8.720703
8.911133
-7.591797
-9.932617
-6.1123047
-4.817383
-7.6435547
8.350586
-6.946289
-9.512695
-4.529297
-6.524414
-5.9873047
7.5390625
-7.6875
-10.571289
-5.8291016
-7.7714844
-7.6865234
9.420898
-9.30957
-12.981445
-7.4208984
-7.3046875
-9.370117
10.558594
-9.113281
-12.416016
-7.2578125
-5.8789062
-12.949219
11.894531
-9.888672
-13.120117
-8.6875
-6.4101562
-10.599609
10.557617
-8.890625
-13.78125
-8.010742
-4.946289
-11.111328
9.705078
-8.0859375
-12.010742
-8.380859
-5.5058594
-9.545898
9.322266
-7.834961
-11.2578125
-6.7851562
-2.9833984
-9.625977
7.8378906
-6.336914
-8.705078
-6.2753906
-5.0683594
-12.308594
11.011719
-8.776367
-11.8203125
-7.966797
-5.291992
-10.597656
9.917969
-8.294922
-10.654297
-7.291992
-6.928711
-10.588867
11.013672
-9.323242
-13.276367
-8.152344
-7.0273438
-7.9570312
9.393555
-8.354492
-13.298828
-7.3085938
-7.321289
-9.508789
10.768555
-9.123047
-13.774414
-6.9121094
-5.504883
-11.404297
10.573242
-8.612305
-11.916016
-7.783203
-7.8710938
-11.732422
12.1640625
-10.466797
-13.707031
-8.65625
-6.4257812
-10.082031
10.28418
-8.866211
-11.722656
-7.2353516
-7.90625
-9.15625
11.129883
-9.405273
-14.2890625
-6.6396484
-4.526367
-8.75
8.40625
-6.908203
-11.072266
-6.0625
-4.6904297
-8.907227
8.711914
-7.1621094
-9.65625
-6.001953
-5.4228516
-7.4365234
8.154297
-6.739258
-10.62207
-5.495117
-4.8847656
-7.2958984
7.8164062
-6.6689453
-8.550781
-5.1689453
-5.6240234
-10.251953
10.126953
-8.327148
-11.697266
-7.1308594
-6.0390625
-9.208008
9.5
-7.8652344
-12.7265625
-6.9277344
-5.8466797
-8.326172
8.613281
-7.6445312
-10.868164
-6.6523438
-7.161133
-8.829102
9.943359
-8.638672
-12.518555
-6.8339844
-6.0791016
-8.686523
9.230469
-7.701172
-10.944336
-6.2333984
-5.0146484
-10.663086
10.100586
-8.133789
-9.634766
-6.5
-4.432617
-8.4609375
8.208008
-6.5947266
-7.9208984
-5.1123047
-5.4384766
-9.808594
9.853516
-8.451172
-8.655273
-5.6503906
-6.140625
-6.9160156
7.989258
-6.9814453
-10.967773
-5.4492188
-5.145508
-9.119141
8.602539
-7.4384766
-11.756836
-7.2148438
-7.286133
-8.489258
9.838867
-8.395508
-14.261719
-7.1220703
-7.9589844
-8.467773
10.328125
-9.203125
-14.833984
-7.3789062
-6.821289
-8.921875
10.265625
-8.709961
-13.375977
-6.75
-4.736328
-9.154297
8.901367
-7.1123047
-8.854492
-5.2265625
-3.6679688
-7.5166016
7.5458984
-7.111328
-7.232422
-3.9765625
-1.0292969
-6.6601562
5.381836
-6.178711
-6.385742
-4.408203
-5.9853516
-10.401367
10.347656
-8.334961
-9.083984
-5.1054688
-6.8828125
-10.458008
10.956055
-9.18457
-13.654297
-7.578125
-6.104492
-10.041992
10.1953125
-8.314453
-13.0
-7.147461
-4.34375
-10.65332
9.729492
-7.7089844
-11.12793
-6.6445312
-6.383789
-9.442383
10.145508
-8.425781
-11.6328125
-6.4404297
-5.517578
-8.918945
9.081055
-7.640625
-11.583984
-6.8554688
-5.194336
-6.790039
7.3408203
-6.4033203
-10.100586
-5.7929688
-5.9873047
-9.541016
9.607422
-8.157227
-11.602539
-6.9501953
-5.751953
-8.923828
8.932617
-7.8515625
-10.993164
-6.8691406
-5.185547
-9.489258
8.907227
-7.397461
-11.90332
-7.2753906
-4.5341797
-8.939453
8.142578
-6.805664
-10.37207
-6.701172
-5.435547
-10.444336
9.859375
-8.213867
-11.560547
-7.638672
-6.3222656
-11.053711
11.161133
-9.18457
-12.106445
-7.348633
-4.9746094
-7.678711
8.080078
-6.788086
-9.250977
-5.4189453
-5.4833984
-9.469727
9.431641
-7.9521484
-11.518555
-6.633789
-7.5429688
-8.9296875
10.504883
-8.988281
-13.451172
-6.736328
-6.9472656
-9.399414
10.318359
-8.489258
-13.256836
-6.7871094
-6.6748047
-9.361328
10.418945
-8.322266
-13.837891
-6.498047
-6.5908203
-8.048828
9.282227
-7.8134766
-12.598633
-6.0253906
-6.573242
-8.084961
9.326172
-8.097656
-11.287109
-6.2617188
-5.7109375
-9.699219
9.884766
-8.4375
-10.889648
-6.9414062
-7.3134766
-10.0546875
11.020508
-9.407227
-14.056641
-7.7685547
-6.2089844
-10.979492
10.709961
-9.102539
-12.167969
-8.078125
-4.9335938
-9.769531
9.060547
-7.6816406
-9.469727
-6.7685547
-5.6064453
-9.689453
9.416016
-8.010742
-10.542969
-6.904297
-5.109375
-7.251953
7.6123047
-6.7597656
-8.326172
-5.8339844
-5.506836
-8.275391
8.447266
-7.557617
-10.004883
-6.5820312
-5.776367
-7.8378906
8.362305
-7.5
-10.246094
-6.4091797
-5.916992
-9.821289
9.893555
-8.520508
-10.724609
-6.995117
-6.4121094
-9.566406
9.955078
-8.561523
-12.15332
-7.1503906
-3.2822266
-8.75
8.301758
-6.1660156
-5.8242188
-3.381836
-5.868164
-11.25293
10.612305
-8.839844
-10.374023
-6.9570312
-5.8603516
-7.9716797
8.748047
-7.4746094
-8.795898
-4.4052734
-4.076172
-10.8828125
9.478516
-7.463867
-9.71875
-7.2539062
-4.8251953
-9.533203
9.1953125
-7.635742
-8.447266
-6.2529297
-3.2167969
-8.395508
7.7421875
-6.5439453
-5.975586
-4.051758
-5.1123047
-10.375977
9.783203
-8.118164
-9.662109
-6.569336
-6.1035156
-10.513672
10.482422
-8.831055
-10.685547
-7.1591797
-5.951172
-7.506836
8.240234
-7.5009766
-9.295898
-5.879883
-5.5791016
-8.639648
9.094727
-7.930664
-8.2890625
-5.9677734
-7.486328
-9.2734375
10.448242
-9.105469
-12.848633
-6.9873047
-6.8271484
-10.09668
10.568359
-9.236328
-11.951172
-7.375
-6.571289
-8.682617
9.30957
-8.333008
-11.219727
-6.5683594
-7.1748047
-9.446289
10.378906
-8.8671875
-12.010742
-6.416992
-7.041992
-9.272461
10.098633
-8.878906
-11.268555
-6.741211
-7.290039
-9.385742
10.356445
-9.137695
-11.107422
-6.6777344
-7.1347656
-8.008789
9.425781
-8.512695
-12.199219
-6.6953125
-5.915039
-7.651367
8.208984
-7.383789
-10.7578125
-6.484375
-5.7177734
-8.084961
8.75293
-7.845703
-8.400391
-5.8828125
-6.0126953
-8.134766
8.738281
-7.8867188
-9.308594
-6.060547
-6.076172
-8.670898
9.269531
-8.143555
-9.266602
-5.8564453
-4.9990234
-6.864258
7.5283203
-6.5791016
-7.0009766
-4.317383
-6.381836
-7.3876953
8.490234
-7.8564453
-9.043945
-5.0742188
-5.607422
-10.126953
9.995117
-8.332031
-9.392578
-6.083008
-3.8017578
-11.573242
9.572266
-7.696289
-9.441406
-7.665039
-5.0996094
-8.169922
8.326172
-7.2626953
-8.086914
-5.5
-6.0478516
-7.9941406
8.779297
-7.791992
-9.759766
-5.879883
-5.705078
-7.958008
8.859375
-7.725586
-8.922852
-4.8632812
-4.928711
-8.717773
8.735352
-7.4921875
-8.53125
-5.5439453
-6.2714844
-8.408203
9.151367
-8.092773
-10.932617
-6.2529297
-5.4589844
-5.961914
7.1376953
-6.4179688
-9.139648
-4.631836
-4.1845703
-7.2373047
7.573242
-6.265625
-6.919922
-3.9707031
-5.2646484
-9.314453
9.583984
-8.416992
-9.079102
-5.2910156
-8.243164
-3.7939453
9.05957
-8.919922
-15.180664
-3.9121094
-5.5429688
3.6855469
3.3896484
-7.9248047
-14.993164
-2.5390625
-4.801758
5.7910156
0.9892578
-7.602539
-13.154297
-4.232422
-7.4453125
-1.5986328
7.118164
-8.140625
-15.543945
-6.0625
-7.796875
-4.7148438
8.796875
-8.370117
-13.737305
-3.7148438
-5.6289062
8.864258
-0.99609375
-11.368164
-16.135742
-5.241211
-8.7109375
-4.3623047
9.203125
-9.383789
-15.910156
-6.4921875
-6.1777344
-4.4570312
7.154297
-7.1279297
-9.732422
-2.3427734
-9.295898
-4.7783203
9.767578
-10.822266
-15.947266
-6.4365234
-7.711914
5.654297
1.7324219
-11.783203
-18.188477
-8.000977
-7.573242
-3.6035156
7.5302734
-8.799805
-12.797852
-5.2851562
-7.9560547
-7.2929688
9.44043
-9.157227
-13.730469
-6.982422
-9.672852
-3.8808594
8.886719
-10.359375
-18.3125
-8.974609
-9.5703125
-6.3046875
10.05957
-10.374023
-17.586914
-8.56543
-7.754883
-3.5146484
7.1210938
-8.2109375
-14.541992
-7.0410156
-7.064453
-7.330078
8.836914
-8.216797
-12.357422
-6.8408203
-5.2314453
-6.1601562
6.5166016
-6.116211
-8.250977
-5.376953
-8.610352
-10.27832
11.792969
-10.25293
-14.967773
-8.129883
-7.5947266
-8.733398
9.999023
-9.045898
-12.140625
-7.1748047
-5.875
-10.128906
10.118164
-8.550781
-9.902344
-6.830078
-6.560547
-8.763672
9.56543
-8.417969
-10.803711
-6.748047
-8.152344
-8.951172
10.693359
-9.707031
-13.549805
-7.3095703
-7.3408203
-8.530273
9.9765625
-8.667969
-12.405273
-5.8125
-7.9726562
-8.161133
9.933594
-9.1171875
-12.8828125
-6.751953
-8.891602
-7.142578
10.038086
-10.238281
-15.296875
-7.6621094
-8.305664
-7.6572266
9.8984375
-9.013672
-13.623047
-5.338867
-9.003906
-7.970703
10.303711
-9.666016
-14.575195
-6.7841797
-4.3291016
-3.6103516
6.076172
-5.9589844
-8.564453
2.8779297
-5.951172
-7.2978516
8.8984375
-7.3125
-9.274414
-2.9082031
-8.02832
-8.826172
10.810547
-9.166992
-15.291992
-7.038086
-5.685547
-7.5771484
8.339844
-7.2939453
-11.441406
-6.1416016
-7.4716797
-8.34082
10.105469
-8.518555
-14.224609
-6.529297
-7.4853516
-7.6777344
9.583984
-8.442383
-13.264648
-6.493164
-5.993164
-5.3242188
7.0273438
-6.3310547
-11.238281
-4.8623047
-7.1748047
-9.584961
10.760742
-8.75293
-14.587891
-6.7402344
-4.209961
-6.9853516
6.448242
-5.763672
-9.301758
-5.2539062
-6.5117188
-9.634766
10.322266
-8.685547
-11.490234
-6.419922
-4.7753906
-5.720703
6.333008
-5.3867188
-8.208008
-3.850586
-4.763672
-7.640625
8.169922
-6.6435547
-9.567383
-4.529297
-5.7783203
-7.9179688
8.978516
-7.232422
-10.608398
-4.970703
-4.0585938
-8.993164
8.15918
-6.0078125
-11.595703
-6.2265625
-7.9648438
-6.0615234
9.717773
-9.095703
-15.053711
-5.963867
-8.407227
-6.930664
10.1015625
-9.423828
-13.463867
-4.102539
-7.614258
-4.2958984
8.283203
-8.373047
-15.048828
-6.685547
-5.654297
-6.4648438
7.5722656
-6.975586
-11.957031
-6.0751953
-6.323242
-7.7617188
9.268555
-7.676758
-12.930664
-5.9375
-4.265625
-7.8427734
8.030273
-6.451172
-8.509766
-4.921875
-4.8339844
-8.797852
8.961914
-6.975586
-10.791016
-5.754883
-3.8085938
-8.638672
7.977539
-6.6484375
-7.9941406
-5.5410156
-4.2773438
-9.1875
9.0703125
-7.5791016
-10.041992
-5.501953
-4.104492
-6.180664
6.776367
-5.8222656
-6.8740234
-3.6435547
-3.647461
-8.479492
8.106445
-7.623047
-7.2109375
-4.1289062
-5.963867
-8.623047
9.125
-7.600586
-11.607422
-6.196289
-4.359375
-7.1289062
6.9472656
-5.913086
-8.012695
-5.1992188
-4.8896484
-7.553711
7.546875
-6.7509766
-8.75293
-5.6445312
-5.3046875
-8.297852
8.402344
-6.8291016
-10.500977
-5.772461
-4.426758
-8.6171875
8.1953125
-6.8847656
-9.4140625
-5.633789
-4.7021484
-9.907227
9.62207
-7.432617
-11.31543
-5.9521484
-6.703125
-5.9970703
8.592773
-7.548828
-10.203125
-2.7714844
-5.2148438
-4.2373047
6.366211
-6.248047
-7.620117
-1.3369141
-7.4091797
-5.3291016
7.6757812
-7.2128906
-10.191406
-0.6328125
-8.033203
-7.0371094
7.678711
-7.3759766
-10.342773
2.9013672
-8.266602
-4.0878906
8.239258
-8.282227
-13.698242
-3.2714844
-7.6865234
-4.5351562
8.211914
-8.09668
-12.302734
-3.3164062
-8.168945
-7.1279297
10.048828
-9.762695
-11.649414
-0.625
-9.589844
-7.5625
11.5234375
-11.387695
-14.729492
-0.03125
-8.151367
-5.357422
9.276367
-8.759766
-12.933594
-3.4199219
-8.106445
-2.7597656
7.9179688
-7.9941406
-13.65918
-1.9287109
-8.769531
-4.5585938
7.098633
-7.7822266
-12.272461
-2.3564453
-9.178711
-5.2695312
9.208008
-8.774414
-13.952148
-1.0830078
-6.7910156
-3.8476562
7.258789
-6.9248047
-11.581055
-3.4609375
-7.598633
-5.46875
9.5078125
-8.920898
-12.74707
-1.8203125
-7.326172
-5.0439453
7.7148438
-7.2802734
-9.94043
-0.24316406
-9.649414
-5.385742
11.5390625
-10.318359
-17.020508
-2.493164
-7.419922
-3.8359375
7.767578
-7.635742
-12.865234
-4.1875
-8.09668
-5.173828
8.276367
-8.029297
-11.904297
-1.9521484
-7.5078125
-5.484375
7.2890625
-7.211914
-10.654297
-3.5605469
-7.8398438
-6.1132812
6.9453125
-6.4716797
-10.588867
-1.1025391
-8.114258
-6.274414
8.90918
-7.958008
-12.379883
-2.428711
-6.477539
-4.350586
6.6484375
-6.732422
-9.563477
-3.65625
-6.057617
-5.7041016
5.213867
-5.2158203
-7.390625
-2.265625
-6.0253906
-4.0585938
5.803711
-5.754883
-8.47168
1.0234375
-8.549805
-5.7197266
8.790039
-8.416016
-12.155273
-1.7519531
-7.5039062
-6.2890625
6.928711
-6.276367
-9.567383
-0.48828125
-8.325195
-6.5634766
10.116211
-8.662109
-13.24707
-2.3652344
-7.5683594
-6.4628906
9.227539
-7.9375
-11.484375
-2.3330078
-7.9521484
-6.9257812
9.957031
-8.713867
-12.318359
-3.1933594
-5.423828
-4.5966797
6.5039062
-6.2802734
-7.2148438
-3.1572266
-7.725586
-5.1210938
8.836914
-8.618164
-11.660156
-1.1308594
-8.720703
-6.8339844
9.729492
-9.00293
-11.904297
-1.7431641
-8.130859
-6.3027344
8.256836
-7.9921875
-10.379883
-1.3398438
-7.8916016
-6.3876953
10.558594
-9.993164
-14.068359
-1.3632812
-7.251953
-4.586914
8.832031
-7.9316406
-12.857422
-1.71875
-7.423828
-4.055664
7.291992
-7.932617
-10.051758
-1.1865234
-5.993164
-6.6914062
5.705078
-5.9375
-5.6445312
3.1035156
-5.567383
-4.993164
6.086914
-5.4726562
-7.390625
-0.7792969
-6.767578
-5.551758
7.5878906
-7.2177734
-8.884766
-0.7519531
-7.2060547
-6.5742188
7.0498047
-6.955078
-7.283203
0.48632812
-7.0976562
-7.0566406
7.5664062
-7.458008
-6.588867
-1.1220703
-5.9414062
-7.2666016
4.7158203
-7.2060547
-3.461914
4.4140625
-5.5498047
-4.5478516
5.3623047
-7.75
-6.173828
2.8115234
-6.5126953
-6.791992
8.4296875
-11.010742
-12.061523
3.366211
-6.685547
-6.9785156
7.4179688
-9.116211
-11.0234375
4.0078125
-6.1503906
-4.986328
6.5625
-6.2871094
-7.9189453
-0.5126953
-5.0908203
-4.2646484
5.546875
-5.4140625
-7.682617
2.1308594
-5.169922
-10.697266
3.5292969
-6.890625
-3.7753906
8.016602
-6.6835938
-6.4726562
6.2109375
-7.0371094
-5.625
1.4423828
-6.0810547
-5.080078
7.7617188
-7.7910156
-9.366211
-0.50683594
-7.34375
-6.8916016
7.2939453
-8.201172
-7.6396484
1.7304688
-7.6240234
-6.3847656
7.4628906
-8.374023
-9.233398
2.0820312
-6.520508
-6.541992
6.6445312
-5.4296875
-8.1171875
2.0488281
-7.073242
-6.310547
8.293945
-7.6845703
-9.168945
-2.21875
-5.944336
-5.783203
5.649414
-4.817383
-7.8916016
-0.23046875
-4.649414
-5.180664
4.810547
-4.4472656
-6.3134766
2.8896484
-7.010742
-5.7089844
7.5898438
-6.836914
-10.431641
1.1962891
-7.461914
-4.586914
6.6464844
-6.6503906
-10.6171875
-1.3984375
-6.8115234
-6.3652344
7.6191406
-6.966797
-10.426758
2.9873047
-5.5126953
-4.817383
5.413086
-5.2871094
-6.0410156
-0.17480469
-6.129883
-6.392578
5.1757812
-5.319336
-5.493164
2.703125
-5.1191406
-4.3740234
4.852539
-4.958008
-5.6240234
-1.8242188
-5.828125
-5.2822266
5.501953
-5.1796875
-6.5751953
0.4873047
-6.147461
-5.1689453
6.786133
-6.140625
-8.621094
-1.9941406
-6.109375
-4.4833984
7.1347656
-6.6015625
-9.264648
-1.0566406
-6.2441406
-5.685547
8.566406
-8.859375
-10.223633
-2.1845703
-5.1552734
-4.40625
6.2226562
-6.263672
-7.260742
-0.92578125
-4.973633
-4.96875
4.107422
-4.0966797
-6.0039062
-1.1230469
-6.6347656
-6.2509766
7.006836
-6.1367188
-8.939453
1.3457031
-6.7871094
-6.0703125
7.2158203
-6.7041016
-8.5
-2.2050781
-7.176758
-5.838867
7.745117
-6.8398438
-11.142578
-2.959961
-7.0976562
-6.1884766
7.834961
-6.9960938
-10.53125
-3.1933594
-5.591797
-5.2402344
6.0
-5.290039
-7.9560547
-1.2705078
-4.0166016
-4.4208984
3.2617188
-3.1152344
-3.8828125
0.8486328
-7.4814453
-5.8583984
8.097656
-7.524414
-11.30957
-3.5966797
-6.661133
-4.8125
7.671875
-6.9335938
-11.170898
-3.3027344
-5.373047
-5.541992
3.8027344
-4.0585938
-7.0302734
-2.0654297
-4.227539
-4.7998047
2.8457031
-2.741211
-5.734375
-0.076171875
-5.9140625
-5.2617188
7.120117
-6.626953
-8.618164
-1.1474609
-6.3476562
-4.9296875
7.911133
-6.8085938
-10.205078
-2.1103516
-6.517578
-5.823242
6.618164
-6.4316406
-7.741211
-2.7675781
-5.7939453
-5.6591797
6.180664
-5.506836
-6.6240234
0.0068359375
-6.2695312
-5.739258
6.6621094
-6.5859375
-7.060547
-3.0439453
-6.680664
-4.5878906
8.19043
-7.1914062
-11.03125
-1.7597656
-5.953125
-5.1572266
5.6445312
-5.395508
-8.204102
-2.3720703
-5.2753906
-5.6845703
4.7539062
-4.180664
-5.553711
2.0615234
-6.921875
-5.848633
7.28125
-6.984375
-9.348633
-3.4375
-7.0039062
-5.216797
8.458008
-8.03418
-11.506836
-2.5136719
-7.100586
-5.623047
7.491211
-7.4492188
-9.459961
-3.5205078
-7.401367
-6.501953
9.191406
-8.823242
-10.59668
-1.8994141
-7.0546875
-6.234375
7.705078
-6.9296875
-9.745117
-2.7324219
-5.3203125
-5.6064453
5.2353516
-4.1816406
-7.276367
0.32910156
-8.400391
-6.091797
9.037109
-8.521484
-13.302734
-4.2734375
-7.348633
-6.2734375
7.8916016
-7.4814453
-10.213867
-3.975586
-8.902344
-7.2402344
8.8515625
-8.28125
-11.927734
-1.9345703
-8.581055
-6.913086
8.401367
-7.7177734
-11.844727
-1.7119141
-7.1875
-6.71875
6.366211
-6.348633
-9.083008
-3.149414
-7.201172
-6.0341797
7.178711
-6.770508
-9.724609
-2.9365234
-7.8691406
-5.6865234
7.564453
-7.328125
-11.496094
-3.3378906
-6.7734375
-5.3896484
7.239258
-6.626953
-10.25293
-3.069336
-7.7421875
-6.4746094
8.133789
-7.868164
-10.6953125
-4.1015625
-7.0966797
-5.088867
8.306641
-7.2597656
-12.061523
-3.0205078
-7.5390625
-6.3134766
8.12793
-7.638672
-10.6875
-3.8896484
-7.560547
-5.892578
8.078125
-7.192383
-10.9609375
-1.6298828
-8.694336
-6.993164
9.280273
-8.676758
-13.088867
-4.6279297
-7.173828
-5.834961
7.9785156
-7.145508
-10.639648
-2.5732422
-7.609375
-5.9160156
8.658203
-7.6435547
-11.62207
-2.2314453
-9.025391
-6.685547
10.185547
-9.1875
-14.998047
-4.470703
-8.392578
-6.961914
8.975586
-8.599609
-11.732422
-4.4121094
-6.4023438
-6.5283203
6.932617
-5.475586
-8.483398
1.1953125
-7.915039
-6.6601562
9.521484
-8.458008
-11.996094
-2.9716797
-7.676758
-6.3789062
7.3007812
-6.6132812
-10.392578
-0.9121094
-7.4560547
-5.8828125
8.588867
-7.3691406
-11.716797
-1.9423828
-7.9726562
-5.8847656
8.203125
-7.955078
-11.548828
-3.6708984
-6.8134766
-5.8007812
7.375
-6.2646484
-10.123047
-1.7802734
-9.0078125
-6.8115234
10.152344
-9.547852
-14.447266
-5.1875
-8.87793
-6.8183594
9.094727
-8.753906
-12.983398
-4.720703
-6.5166016
-6.6210938
4.6845703
-4.9521484
-7.879883
-1.8271484
-8.229492
-6.227539
8.09668
-8.047852
-11.441406
-3.9970703
-6.986328
-4.8154297
6.5234375
-6.352539
-9.887695
-1.8417969
-6.4628906
-4.9521484
7.154297
-7.060547
-9.423828
-3.475586
-7.5429688
-5.368164
7.7783203
-7.708008
-11.1484375
-4.0878906
-7.9179688
-5.479492
8.185547
-7.9990234
-11.571289
-3.165039
-7.2578125
-5.3876953
7.4091797
-6.8291016
-10.102539
-0.43359375
-7.239258
-5.958008
8.0703125
-7.9277344
-10.2578125
1.2490234
-6.78125
-5.044922
8.143555
-7.5683594
-11.703125
1.5332031
-7.713867
-7.301758
7.7666016
-6.484375
-9.984375
2.7753906
-7.254883
-5.9746094
8.2421875
-8.408203
-10.69043
1.8310547
-6.970703
-5.5595703
6.868164
-6.7158203
-8.732422
1.2666016
-7.2226562
-6.616211
6.798828
-7.6796875
-8.404297
3.9423828
-7.4697266
-5.9375
8.485352
-8.192383
-11.24707
0.3701172
-7.626953
-5.185547
8.133789
-7.7822266
-10.504883
-0.8486328
-7.1503906
-4.4677734
8.613281
-8.126953
-11.94043
-0.8671875
-5.4365234
-7.388672
5.901367
-6.178711
-9.658203
7.4433594
-7.126953
-6.109375
7.7773438
-8.050781
-11.060547
2.8710938
-7.173828
-7.036133
7.161133
-7.8408203
-9.322266
4.2773438
-8.740234
-7.857422
7.5507812
-8.698242
-9.538086
4.6728516
-8.510742
-7.2402344
7.866211
-8.96875
-10.587891
4.0966797
-5.995117
-8.064453
5.376953
-7.4277344
-8.930664
8.433594
-8.947266
-6.8740234
9.260742
-9.916992
-13.556641
4.1875
-3.9248047
-2.8271484
5.048828
-6.298828
-10.374023
1.7001953
-4.1328125
-3.3476562
5.5390625
-8.686523
-12.025391
2.71875
-8.219727
-5.6191406
8.363281
-8.416992
-11.47168
0.3720703
-8.104492
-4.629883
8.298828
-8.255859
-12.126953
-2.1552734
-5.205078
-5.8154297
8.2890625
-8.533203
-10.173828
-0.13378906
-2.8710938
-5.435547
6.451172
-9.185547
-10.455078
-0.09667969
-2.5195312
-4.5
5.2177734
-6.9404297
-5.567383
-0.71972656
-1.1738281
-4.705078
4.180664
-7.4160156
-5.1328125
-0.5097656
-5.022461
-4.8339844
6.147461
-7.40625
-7.4941406
2.4501953
-4.3251953
-3.9482422
3.944336
-5.095703
-4.5859375
3.0703125
-5.192383
-5.3398438
4.748047
-6.5126953
-6.2441406
4.7285156
-6.754883
-6.2666016
8.602539
-8.569336
-9.870117
0.87402344
-8.452148
-7.833008
11.185547
-11.611328
-14.291016
1.2949219
-8.222656
-6.8203125
11.344727
-12.347656
-15.417969
0.1015625
-6.609375
-6.352539
9.475586
-9.09375
-12.0703125
-1.3330078
-5.803711
-5.8066406
7.8564453
-8.724609
-9.152344
2.3847656
-5.0126953
-6.341797
8.082031
-8.730469
-8.586914
0.9951172
-4.857422
-4.7158203
6.866211
-6.5585938
-8.831055
-0.8330078
-5.8603516
-5.767578
8.701172
-9.974609
-11.268555
1.8095703
-6.4404297
-7.1640625
9.3671875
-8.897461
-10.886719
-3.2011719
-8.521484
-7.5146484
11.595703
-11.980469
-15.294922
-2.2871094
-5.7265625
-7.998047
10.368164
-11.619141
-11.746094
-2.2363281
-3.2890625
-7.970703
7.953125
-12.489258
-11.075195
1.6962891
-6.935547
-8.746094
11.645508
-10.856445
-15.183594
-2.1113281
-5.9316406
-8.587891
10.884766
-11.121094
-13.313477
-2.0078125
-6.5029297
-6.1835938
9.016602
-8.620117
-11.730469
-2.2578125
-4.0498047
-4.9726562
6.123047
-7.529297
-7.3671875
1.9404297
-4.010742
-5.9501953
7.671875
-8.322266
-8.068359
-0.5654297
-4.2646484
-7.0341797
8.793945
-11.374023
-12.223633
0.91503906
-5.283203
-5.7695312
8.37793
-8.600586
-10.926758
-0.29882812
-6.8535156
-5.963867
8.96582
-10.545898
-11.875977
1.4550781
-4.017578
-7.1972656
6.1533203
-9.435547
-10.467773
5.841797
-4.895508
-5.3115234
6.2285156
-6.9990234
-7.083008
1.4804688
-4.317383
-5.4970703
4.4765625
-6.5722656
-5.666992
3.2304688
-3.866211
-5.0478516
6.0458984
-8.19043
-7.8935547
2.0009766
-2.0478516
-5.5976562
5.0507812
-8.173828
-6.5839844
1.3925781
-4.779297
-5.7646484
6.3779297
-9.004883
-8.62207
3.2734375
-5.2783203
-6.2460938
8.026367
-8.358398
-8.363281
-1.5722656
-9.62207
-6.3046875
11.152344
-10.444336
-17.091797
-5.736328
-8.788086
-6.0507812
10.921875
-10.259766
-15.290039
-0.8808594
-7.276367
-5.1328125
9.541992
-9.045898
-13.621094
-1.0214844
-7.260742
-5.4609375
9.53125
-8.522461
-13.779297
-2.4472656
-5.484375
-3.9951172
6.830078
-6.182617
-9.087891
-1.1181641
-5.888672
-5.6748047
8.46582
-8.788086
-10.310547
-0.9951172
-5.866211
-6.333008
8.041016
-7.5498047
-8.313477
-3.2822266
-6.2333984
-6.046875
8.486328
-8.333008
-9.683594
-2.4082031
-6.580078
-6.111328
9.408203
-9.861328
-11.7109375
-1.2666016
-5.5410156
-5.326172
8.513672
-9.34082
-11.0234375
-0.19433594
-8.376953
-5.6347656
10.450195
-10.25
-15.322266
-2.1894531
-8.112305
-5.4921875
9.720703
-8.706055
-13.560547
-2.5078125
-6.5976562
-5.823242
8.46582
-7.666992
-10.267578
-2.9267578
-8.077148
-7.126953
10.251953
-9.147461
-13.09082
-4.5742188
-5.9023438
-4.873047
6.84375
-6.6435547
-8.152344
-3.40625
-6.1396484
-5.3876953
8.573242
-8.802734
-10.286133
-0.90625
-7.966797
-7.435547
10.147461
-9.174805
-12.192383
-4.3046875
-8.091797
-5.2070312
9.449219
-9.249023
-13.4765625
-1.8759766
-5.2148438
-4.254883
6.4941406
-7.279297
-10.546875
2.7832031
-6.3691406
-5.109375
7.0771484
-7.948242
-10.908203
3.3085938
-6.9072266
-5.2734375
7.4716797
-6.9052734
-10.700195
1.0683594
-7.0546875
-5.0429688
9.177734
-8.672852
-13.25
-1.5761719
-6.8085938
-5.260742
8.056641
-8.508789
-12.003906
2.0166016
-5.6289062
-4.5908203
7.3007812
-6.8583984
-10.328125
1.3691406
-5.3291016
-3.7402344
7.1992188
-7.5625
-10.363281
-0.3046875
-6.270508
-4.9921875
8.285156
-7.96875
-10.55957
-1.0390625
-4.373047
-4.2871094
4.770508
-5.9677734
-7.7802734
3.8798828
-5.5664062
-4.4033203
6.4023438
-6.9248047
-9.916016
3.1552734
-7.666992
-4.569336
9.24707
-8.573242
-14.058594
-3.4228516
-7.0820312
-5.758789
8.30957
-7.7216797
-10.135742
-3.1972656
-7.1816406
-6.0126953
8.454102
-7.9873047
-10.712891
-4.3583984
-6.743164
-5.9384766
8.354492
-7.301758
-10.286133
-3.0126953
-5.571289
-4.5058594
7.0283203
-6.2001953
-8.422852
-2.1298828
-6.453125
-4.296875
7.7197266
-6.8222656
-11.448242
-2.6386719
-7.5634766
-6.2402344
7.609375
-7.5214844
-10.793945
3.375
-5.2490234
-5.1503906
4.2109375
-5.4648438
-6.178711
4.708008
-5.4433594
-5.0273438
5.2285156
-5.7158203
-5.6728516
1.6396484
-4.8134766
-4.2128906
5.7304688
-4.942383
-7.0078125
-0.62890625
-5.8291016
-3.928711
6.7070312
-6.4882812
-8.829102
0.046875
-6.4990234
-5.169922
7.663086
-8.150391
-10.543945
2.0664062
-7.09375
-4.7333984
8.691406
-7.520508
-12.691406
-1.9326172
-7.4335938
-4.930664
9.363281
-9.536133
-13.068359
-0.06542969
-6.883789
-5.323242
8.8828125
-8.404297
-11.90918
-2.3027344
-6.3554688
-4.073242
7.765625
-8.623047
-11.018555
-0.18261719
-6.602539
-3.649414
8.029297
-8.602539
-11.981445
-0.39160156
-7.0341797
-6.736328
7.34375
-9.371094
-10.305664
4.0996094
-4.9091797
-3.2324219
6.0039062
-6.053711
-7.7617188
0.046875
-6.298828
-3.6777344
7.1015625
-7.783203
-9.8984375
0.26171875
-6.6259766
-3.9384766
7.6708984
-7.678711
-10.702148
-0.7373047
-5.7529297
-2.8427734
6.209961
-5.841797
-9.552734
-1.0908203
-7.430664
-3.741211
8.378906
-8.600586
-12.587891
-0.7470703
-6.0283203
-3.8076172
7.1132812
-6.701172
-9.75293
-1.3701172
-6.0898438
-4.1054688
5.432617
-5.0166016
-8.822266
-0.22460938
-5.5595703
-3.7402344
6.2333984
-5.791992
-8.399414
-1.2314453
-5.4921875
-3.3388672
6.2529297
-6.248047
-8.482422
-0.7060547
-7.1376953
-4.685547
7.536133
-7.8896484
-10.291016
0.48339844
-4.961914
-5.017578
6.5566406
-8.228516
-9.333008
2.9257812
-4.9033203
-6.6416016
5.548828
-6.9208984
-9.1953125
5.7109375
-6.0478516
-4.2802734
7.723633
-7.833008
-10.674805
-0.76171875
-5.336914
-3.9042969
5.6884766
-5.515625
-7.5947266
-2.4345703
-7.859375
-5.015625
8.396484
-7.8759766
-11.970703
-1.6083984
-7.796875
-4.1054688
8.220703
-7.8623047
-13.488281
-3.3798828
-8.456055
-6.041992
10.34082
-9.7890625
-14.112305
-1.2890625
-7.65625
-5.6748047
8.993164
-8.3671875
-12.199219
-2.7841797
-9.174805
-6.569336
10.630859
-10.782227
-14.478516
-0.111328125
-7.6503906
-4.5341797
8.265625
-8.183594
-11.740234
-1.4697266
-6.854492
-5.845703
8.43457
-7.9472656
-10.758789
-3.7216797
-6.504883
-4.7314453
8.198242
-8.091797
-11.776367
-2.446289
-5.4316406
-4.529297
5.861328
-5.5253906
-8.400391
1.9482422
-5.5058594
-4.3945312
6.2246094
-5.5878906
-8.253906
-1.8300781
-6.716797
-5.4570312
7.9716797
-7.2177734
-10.791992
-3.5273438
-7.3447266
-7.2695312
9.853516
-9.27832
-11.083008
-3.694336
-6.008789
-6.053711
7.7871094
-7.0878906
-7.6552734
-2.3291016
-6.801758
-5.8789062
8.038086
-7.4414062
-9.629883
-3.5673828
-7.6279297
-6.2197266
9.136719
-8.425781
-11.802734
-4.3203125
-7.4970703
-4.9716797
8.661133
-8.446289
-12.487305
-4.022461
-8.0
-5.5615234
9.21875
-8.682617
-13.000977
-3.2148438
-8.738281
-7.196289
10.339844
-9.746094
-14.361328
-5.709961
-7.091797
-6.286133
9.061523
-8.0
-11.509766
-3.4570312
-6.723633
-5.9404297
8.4375
-7.458008
-10.597656
-3.0996094
-7.529297
-6.9121094
9.389648
-8.513672
-11.583008
-4.4365234
-6.897461
-6.0585938
8.336914
-7.5253906
-10.59375
-3.711914
-7.0478516
-6.080078
7.9248047
-7.522461
-9.6171875
-3.8251953
-7.879883
-6.3876953
8.974609
-8.62207
-11.717773
-4.9248047
-9.332031
-6.458008
10.717773
-10.082031
-15.849609
-5.196289
-7.4072266
-5.6240234
8.49707
-8.052734
-11.810547
-4.163086
-7.0566406
-6.1660156
8.831055
-7.84375
-11.291992
-3.4267578
-8.557617
-6.548828
9.991211
-9.420898
-14.207031
-5.2841797
-7.5566406
-6.314453
10.147461
-9.9921875
-13.25293
-1.6933594
-7.5302734
-5.6484375
9.4296875
-8.157227
-13.564453
-3.2373047
-7.7958984
-5.426758
8.798828
-8.022461
-12.895508
-3.631836
-8.001953
-6.2402344
8.826172
-8.049805
-12.668945
-4.2285156
-7.1210938
-5.366211
8.135742
-7.0791016
-11.602539
-2.5859375
-7.0566406
-4.9365234
9.025391
-8.458008
-12.530273
-1.6884766
-6.5595703
-4.8623047
8.103516
-6.9804688
-11.111328
-2.3359375
-6.2285156
-3.8847656
7.786133
-7.399414
-11.283203
-1.0029297
-7.1689453
-5.515625
8.7265625
-7.591797
-12.422852
-3.3789062
-7.0058594
-5.145508
8.106445
-6.8867188
-11.650391
-1.9013672
-7.3496094
-5.926758
8.354492
-7.303711
-11.249023
-2.2939453
-7.533203
-6.3066406
9.287109
-8.010742
-13.334961
0.84765625
-6.7060547
-4.948242
7.411133
-5.8603516
-11.540039
-0.78515625
-7.038086
-5.178711
8.336914
-6.8671875
-11.963867
-0.921875
-8.019531
-5.5585938
8.791016
-7.2226562
-13.356445
-0.3642578
-6.982422
-4.9160156
8.230469
-7.2890625
-11.756836
-2.7734375
-5.8427734
-5.213867
7.241211
-5.9472656
-10.775391
2.1103516
-6.573242
-5.3896484
8.112305
-6.397461
-11.100586
-0.98535156
-7.2001953
-5.4648438
8.663086
-7.248047
-12.395508
-2.5175781
-7.553711
-5.671875
8.880859
-7.8271484
-12.668945
-3.5302734
-8.37793
-6.3623047
9.5859375
-8.761719
-13.927734
-4.850586
-7.201172
-4.6376953
9.313477
-8.845703
-14.010742
-1.2167969
-7.654297
-4.8427734
9.792969
-9.106445
-14.298828
-1.7011719
-6.5078125
-4.9765625
7.834961
-6.7958984
-10.891602
-2.5839844
-6.022461
-4.098633
6.892578
-6.0791016
-9.712891
-1.5214844
-7.7158203
-5.7978516
9.5078125
-8.205078
-13.37207
-3.1738281
-6.6865234
-4.892578
7.2851562
-6.5791016
-10.704102
-2.7929688
-7.6572266
-5.553711
9.125
-8.109375
-12.981445
-3.4453125
-6.9882812
-5.942383
8.232422
-7.2529297
-11.104492
-3.375
-7.5683594
-6.5439453
9.135742
-8.319336
-11.387695
-4.296875
-7.482422
-6.3378906
8.698242
-7.881836
-11.65332
-4.338867
-7.8496094
-6.5195312
9.7578125
-8.4453125
-13.360352
-4.0498047
-5.826172
-5.0214844
6.9296875
-5.392578
-10.061523
-1.21875
-6.8964844
-6.7978516
9.966797
-9.28125
-13.34082
-3.696289
-6.1904297
-5.2509766
7.897461
-6.541992
-10.988281
-1.9306641
-7.111328
-5.517578
8.331055
-7.5058594
-12.227539
-3.9042969
-9.357422
-7.198242
11.543945
-10.202148
-17.420898
-5.564453
-6.654297
-6.629883
6.919922
-6.2714844
-9.794922
-2.7226562
-7.4560547
-6.0683594
9.631836
-8.818359
-13.426758
-1.4658203
-8.049805
-6.6396484
9.919922
-8.553711
-14.046875
-4.116211
-7.2978516
-6.084961
8.547852
-7.4541016
-11.800781
-3.1503906
-7.2753906
-5.4677734
8.668945
-7.4941406
-12.418945
-2.9628906
-6.673828
-5.5996094
7.9248047
-6.7578125
-11.378906
-3.3125
-6.8623047
-5.3378906
8.189453
-7.084961
-11.6953125
-3.2246094
-8.458008
-6.1992188
10.4375
-9.204102
-15.037109
-2.758789
-6.794922
-5.8203125
8.489258
-7.2802734
-11.274414
-3.0195312
-6.616211
-5.348633
8.482422
-6.90625
-11.241211
-1.7177734
-7.9648438
-6.3583984
9.764648
-7.848633
-13.620117
-1.5029297
-8.6015625
-7.205078
10.801758
-9.191406
-14.418945
-3.4453125
-7.1279297
-5.9746094
8.524414
-7.3623047
-11.4609375
-3.225586
-6.998047
-6.048828
7.4628906
-6.7333984
-10.964844
-3.6210938
-7.607422
-7.073242
9.46875
-8.613281
-11.37793
-4.901367
-6.236328
-6.517578
4.986328
-4.7216797
-8.985352
-2.1328125
-7.4140625
-6.357422
8.253906
-7.591797
-10.852539
-3.9667969
-6.868164
-6.1503906
6.739258
-6.2539062
-10.219727
-3.196289
-7.961914
-6.239258
9.05957
-8.329102
-12.946289
-4.5927734
-7.5117188
-5.892578
9.131836
-7.633789
-12.90918
-2.8291016
-7.8242188
-5.6660156
8.224609
-7.107422
-12.287109
1.3037109
-7.3007812
-6.3447266
8.817383
-8.709961
-12.182617
1.6943359
-6.8964844
-5.4228516
8.457031
-7.5859375
-10.788086
-1.078125
-9.425781
-8.883789
12.316406
-11.048828
-15.420898
-5.6503906
-6.8476562
-5.0742188
8.001953
-7.1591797
-11.9765625
-3.9296875
-7.4492188
-5.254883
7.616211
-6.723633
-11.140625
0.19042969
-6.533203
-3.9804688
6.8632812
-6.959961
-10.075195
1.0224609
-7.7597656
-3.7597656
8.55957
-8.330078
-13.186523
-0.8935547
-9.012695
-4.9716797
9.693359
-9.563477
-15.959961
-5.251953
-8.119141
-4.4384766
8.416992
-8.393555
-13.019531
-3.1425781
-7.263672
-3.7382812
5.7822266
-6.3398438
-10.616211
-2.2998047
-7.3427734
-4.845703
7.6865234
-7.5283203
-11.360352
-3.5136719
-6.611328
-3.2597656
5.7460938
-5.979492
-10.613281
-2.6708984
-6.3847656
-5.008789
6.395508
-6.2695312
-9.985352
3.321289
-8.011719
-5.626953
8.321289
-7.1904297
-12.643555
-0.3935547
-7.256836
-4.203125
6.2626953
-5.3447266
-12.217773
-0.23339844
-7.5546875
-6.1757812
9.438477
-8.097656
-12.533203
-3.2910156
-7.682617
-5.2216797
7.7021484
-7.2265625
-12.546875
-3.584961
-7.6035156
-7.024414
9.786133
-8.65918
-12.001953
-4.182617
-6.442383
-5.4501953
6.689453
-6.1572266
-8.68457
-2.1708984
-7.3447266
-5.6660156
9.375
-8.251953
-12.796875
-1.6826172
-8.397461
-5.2734375
9.738281
-8.663086
-14.53418
-2.9550781
-6.7666016
-5.4101562
8.1640625
-7.135742
-11.375977
-3.515625
-6.006836
-4.588867
7.676758
-7.669922
-10.376953
-0.6123047
-6.711914
-4.6835938
8.033203
-7.0615234
-10.855469
-1.5585938
-7.6123047
-4.8564453
8.80957
-7.9589844
-13.396484
-3.3769531
-6.288086
-4.669922
7.4375
-6.272461
-10.34375
-1.4628906
-8.581055
-7.3964844
10.5859375
-9.474609
-13.96582
-4.870117
-7.430664
-6.444336
10.6171875
-10.0859375
-15.487305
-1.8330078
-5.743164
-4.666992
7.0273438
-5.841797
-9.135742
-1.0244141
-5.7626953
-4.701172
7.663086
-6.4628906
-10.143555
-0.9033203
-6.6640625
-5.084961
8.700195
-7.5273438
-12.3515625
-0.18945312
-7.368164
-5.1601562
9.032227
-7.6933594
-12.921875
-2.6591797
-8.454102
-5.7695312
9.636719
-8.936523
-14.609375
-4.8535156
-7.5839844
-5.9052734
9.2109375
-8.109375
-12.220703
-2.5517578
-7.336914
-5.7001953
8.857422
-7.8066406
-11.957031
-3.0888672
-7.9316406
-5.8095703
9.173828
-8.457031
-13.0
-4.294922
-7.392578
-4.5839844
8.352539
-7.9208984
-12.256836
-3.4492188
-6.6845703
-1.3662109
3.8222656
-5.1171875
-12.049805
-4.1132812
-8.888672
-6.201172
10.336914
-9.433594
-15.744141
-5.3320312
-7.9814453
-5.6992188
9.1796875
-8.411133
-13.880859
-4.790039
-7.373047
-4.2470703
8.140625
-7.5195312
-13.3828125
-3.8173828
-6.5351562
-3.2207031
6.3496094
-5.5566406
-12.173828
-2.1513672
-8.22168
-6.013672
9.557617
-8.68457
-13.868164
-4.772461
-8.746094
-5.9023438
9.922852
-9.157227
-15.397461
-5.364258
-9.035156
-3.953125
7.8808594
-7.569336
-15.776367
-2.6552734
-6.9677734
-3.7792969
6.2246094
-5.745117
-11.614258
-1.8740234
-7.2783203
-2.4970703
5.828125
-6.3339844
-12.845703
-3.5263672
-8.78125
-4.2753906
8.472656
-8.373047
-15.657227
-4.919922
-7.833008
-2.3183594
7.198242
-7.3984375
-15.864258
-5.133789
-7.1103516
-3.7177734
6.756836
-5.6621094
-12.925781
0.9550781
-8.150391
-4.9765625
8.426758
-8.303711
-13.549805
-5.0908203
-6.4648438
-3.3388672
5.703125
-5.1552734
-10.913086
-1.1171875
-7.8789062
-4.5234375
7.258789
-7.0146484
-12.62793
-2.6591797
-8.866211
-5.399414
9.47168
-9.140625
-15.172852
-5.3359375
-8.09082
-5.064453
9.118164
-8.574219
-13.662109
-3.9658203
-7.9960938
-4.4345703
8.050781
-7.5429688
-13.606445
-2.7578125
-7.7490234
-4.794922
8.727539
-7.557617
-13.974609
-2.8486328
-7.803711
-5.451172
9.512695
-7.9453125
-13.696289
-2.2226562
-9.443359
-6.364258
10.854492
-10.166016
-16.28418
-5.209961
-7.9765625
-5.475586
9.7578125
-8.282227
-14.135742
-2.6035156
-8.452148
-4.8154297
9.707031
-8.676758
-15.389648
-3.1582031
-7.6572266
-4.963867
7.701172
-7.4570312
-12.205078
-3.7509766
-7.6240234
-5.2783203
8.076172
-7.8720703
-11.6796875
-4.0527344
-8.022461
-5.3046875
8.8125
-8.209961
-13.207031
-3.7011719
-10.999023
-9.235352
14.012695
-12.253906
-19.910156
-5.9873047
-10.359375
-7.2714844
12.1484375
-11.466797
-18.530273
-6.086914
-8.893555
-5.4628906
10.307617
-9.870117
-17.35254
-6.2929688
-9.097656
-6.314453
10.942383
-10.258789
-17.74707
-6.5625
-6.8251953
4.3867188
2.6015625
-8.870117
-16.013672
-4.651367
-8.202148
-2.3544922
8.264648
-8.907227
-16.285156
-5.524414
-9.714844
-2.7216797
10.818359
-10.794922
-20.524414
-6.0810547
-7.357422
-2.0742188
7.5654297
-7.8408203
-14.823242
-4.5253906
-9.129883
-8.484375
12.410156
-11.438477
-16.607422
-4.859375
-7.2353516
-4.1972656
8.364258
-7.9833984
-14.612305
-5.4902344
-10.262695
-6.0410156
12.633789
-11.699219
-19.774414
-5.0654297
-9.744141
-4.254883
11.735352
-10.892578
-19.598633
-4.666992
-10.449219
-6.296875
13.232422
-12.705078
-19.860352
-3.3046875
-8.905273
-3.6884766
9.84668
-9.532227
-16.832031
-3.883789
-7.955078
-2.3945312
8.275391
-8.626953
-16.362305
-5.6103516
-8.444336
-3.9501953
9.780273
-9.392578
-17.22754
-5.442383
-8.112305
-3.3789062
9.134766
-8.496094
-14.655273
-2.25
-9.099609
-3.8447266
10.470703
-9.891602
-16.763672
-3.296875
-10.004883
-7.09375
12.448242
-10.988281
-18.08496
-4.2851562
-9.400391
-6.709961
12.245117
-11.432617
-17.699219
-3.3007812
-9.496094
-6.073242
11.880859
-10.493164
-19.044922
-4.9853516
-10.053711
-6.3183594
12.689453
-11.12793
-19.746094
-4.944336
-10.0859375
-6.1875
12.15625
-11.223633
-18.889648
-5.3496094
-9.165039
-6.3652344
10.958984
-9.670898
-16.424805
-3.9824219
-10.310547
-5.3759766
11.4375
-10.96875
-18.22168
-4.4960938
-10.680664
-6.111328
12.0859375
-11.022461
-19.367188
-4.7148438
-8.071289
-4.515625
9.767578
-9.09668
-14.529297
-1.6894531
-9.579102
-6.5058594
11.764648
-10.833008
-18.17871
-5.9560547
-10.15918
-6.4716797
12.40332
-11.292969
-19.246094
-5.376953
-7.649414
-5.067383
8.337891
-8.150391
-11.777344
-3.9111328
-7.6933594
-5.7958984
9.108398
-8.28418
-11.806641
-0.90722656
-7.1279297
-4.5009766
7.7089844
-7.4316406
-11.572266
-3.515625
-7.2998047
-5.9208984
8.170898
-7.4492188
-10.990234
-3.5732422
-7.196289
-5.6621094
7.8671875
-7.2783203
-10.629883
-3.0927734
-8.915039
-6.7626953
9.456055
-9.095703
-13.249023
-4.6591797
-7.9208984
-5.901367
8.538086
-7.852539
-12.760742
-4.1953125
-7.09375
-6.104492
7.274414
-6.772461
-8.9140625
-1.7617188
-9.296875
-6.241211
9.102539
-9.248047
-13.205078
-4.1796875
-9.8125
-6.9726562
10.1015625
-9.884766
-15.205078
-5.897461
-8.2421875
-6.060547
9.219727
-8.769531
-13.199219
-4.4921875
-9.306641
-5.395508
9.499023
-9.681641
-14.712891
-4.8945312
-8.466797
-5.5683594
8.566406
-8.688477
-12.076172
-3.3808594
-9.136719
-6.345703
10.341797
-9.77832
-14.6875
-4.65625
-7.4785156
-6.194336
8.986328
-7.814453
-11.424805
-2.4257812
-8.94043
-5.453125
9.782227
-9.166992
-13.988281
-2.1845703
-8.7734375
-6.366211
9.3828125
-8.996094
-13.2890625
-4.370117
-8.166016
-6.357422
8.048828
-8.147461
-11.177734
-4.5546875
-7.4521484
-6.3398438
7.873047
-6.7773438
-10.384766
-1.0419922
-8.703125
-5.8066406
8.473633
-8.646484
-13.169922
-5.4091797
-8.233398
-5.5976562
9.31543
-8.671875
-13.253906
-3.1660156
-8.574219
-6.161133
8.985352
-8.783203
-13.134766
-5.102539
-6.6396484
-6.213867
6.015625
-4.970703
-8.316406
2.2607422
-9.371094
-5.6728516
9.691406
-9.352539
-15.517578
-4.8339844
-9.143555
-5.9091797
9.748047
-9.446289
-15.259766
-5.8271484
-7.661133
-4.8222656
7.998047
-7.208008
-12.288086
-1.9580078
-8.615234
-5.038086
7.5458984
-7.890625
-11.9609375
-1.4648438
-8.207031
-6.216797
8.84668
-8.444336
-12.075195
-3.7177734
-8.652344
-7.0429688
9.74707
-9.15918
-13.40625
-5.203125
-5.772461
-6.576172
8.439453
-6.921875
-10.833984
-4.116211
-4.6523438
-5.951172
7.821289
-7.810547
-9.624023
-1.7480469
-6.326172
-6.823242
9.910156
-11.479492
-12.478516
0.16503906
-5.9335938
-8.272461
10.883789
-10.628906
-13.915039
-3.5097656
-5.6445312
-5.9970703
8.644531
-8.275391
-11.21582
-0.5605469
-7.3876953
-7.9648438
10.834961
-10.514648
-13.112305
-1.1611328
-6.8427734
-6.455078
9.113281
-8.22168
-11.058594
-2.5878906
-5.2460938
-5.0703125
7.0898438
-6.470703
-8.663086
-1.5751953
-5.2929688
-4.873047
7.126953
-8.864258
-10.338867
2.3007812
-4.385742
-4.984375
6.520508
-8.422852
-10.00293
3.1875
-3.75
-3.790039
5.3583984
-6.666992
-8.098633
2.3720703
-6.1865234
-5.7509766
8.689453
-10.18457
-12.251953
2.3378906
-7.663086
-7.4208984
11.173828
-11.03418
-14.694336
-2.959961
-8.736328
-8.5703125
12.529297
-11.767578
-16.364258
-3.975586
-5.8359375
-6.836914
10.341797
-11.543945
-14.677734
-0.21679688
-1.2802734
-6.6435547
4.5429688
-7.248047
-7.2304688
0.6015625
-5.6904297
-5.088867
7.8320312
-8.506836
-9.520508
0.82910156
-4.7197266
-4.2714844
5.8222656
-6.2001953
-7.1679688
1.7060547
-0.3623047
-3.4833984
0.7714844
-3.9492188
-2.7939453
3.4003906
0.8671875
-3.7666016
1.0898438
-5.3916016
-2.2919922
-0.123046875
-2.524414
-4.216797
5.026367
-6.783203
-5.0146484
-0.7363281
-6.9990234
-6.604492
10.419922
-10.417969
-14.203125
-1.8984375
-8.511719
-8.128906
12.594727
-13.458008
-16.874023
-1.5371094
-8.417969
-6.3007812
10.263672
-9.416016
-13.625
-1.2392578
-8.126953
-4.9023438
8.074219
-7.913086
-11.833008
-1.3710938
-6.2626953
-2.4902344
6.3408203
-6.548828
-11.408203
-3.5595703
-7.314453
-6.091797
8.948242
-8.15332
-11.383789
-2.8642578
-8.0
-5.4814453
9.234375
-8.55957
-13.444336
-3.2363281
-8.411133
-6.321289
10.974609
-10.183594
-15.192383
-1.4580078
-8.050781
-4.0996094
9.275391
-8.630859
-14.325195
-1.1777344
-8.067383
-5.555664
10.551758
-10.425781
-15.077148
1.0664062
-8.911133
-5.805664
11.125977
-9.633789
-16.077148
-1.0224609
-8.404297
-5.680664
10.230469
-9.758789
-14.245117
-0.90234375
-7.8203125
-4.430664
8.589844
-8.597656
-12.363281
-0.6044922
-6.6132812
-2.0673828
6.239258
-7.4277344
-11.319336
0.5341797
-8.692383
-7.071289
9.420898
-9.665039
-12.348633
1.8779297
-7.4570312
-6.0771484
9.885742
-9.509766
-12.4921875
0.049804688
-7.209961
-6.7734375
8.3671875
-7.395508
-9.375977
-0.13085938
-6.676758
-5.790039
8.046875
-7.321289
-10.821289
-2.9804688
-8.013672
-7.541992
9.595703
-8.974609
-13.921875
-6.7910156
-6.333008
-5.3496094
7.7382812
-7.1757812
-11.22168
-3.7265625
-5.680664
-4.595703
6.6992188
-6.2158203
-8.582031
-2.0839844
-6.251953
-3.8486328
6.838867
-7.5683594
-10.479492
-4.388672
-7.118164
-6.661133
9.030273
-8.243164
-11.419922
-3.8554688
-5.9990234
-6.3466797
7.848633
-7.0615234
-8.8359375
-2.9726562
-6.7441406
-7.633789
9.09668
-8.099609
-9.720703
-3.897461
-6.598633
-5.875
7.8779297
-7.448242
-9.477539
-3.336914
-7.5595703
-7.8828125
9.822266
-8.939453
-10.993164
-4.3203125
-6.004883
-5.9833984
7.3867188
-6.8554688
-9.55957
-4.5947266
-7.7021484
-8.231445
10.223633
-9.0546875
-12.589844
-4.991211
1.6474609
-13.22168
-4.3310547
-8.682617
-9.005859
19.734375
-0.34472656
-14.133789
-2.352539
-8.47168
-8.311523
19.326172
0.18164062
-11.783203
-2.5527344
-8.116211
-8.186523
17.87207
0.115234375
-9.583984
-1.8164062
-6.8066406
-7.2333984
14.755859
-1.4013672
-9.916992
-0.58203125
-5.973633
-6.138672
13.6015625
-0.20996094
-9.133789
-2.6484375
-12.935547
-12.006836
19.382812
-2.6933594
-9.891602
-0.03515625
-9.24707
-10.527344
17.620117
-1.5585938
-11.160156
-1.6484375
-11.740234
-11.261719
20.615234
0.9248047
-10.838867
-2.540039
-8.388672
-9.527344
18.105469
0.296875
-8.119141
-2.7666016
-9.505859
-8.432617
15.961914
0.087890625
-9.133789
-2.084961
-9.189453
-9.43457
17.085938
-0.17871094
-14.949219
-2.7861328
-9.730469
-10.258789
22.644531
-1.4609375
-13.816406
-1.7226562
-8.669922
-8.5703125
19.91211
1.1933594
-12.369141
-4.71875
-14.142578
-12.858398
23.948242
1.2636719
-13.879883
-3.8486328
-10.006836
-10.818359
22.100586
-0.22363281
-10.464844
-1.6611328
-8.0703125
-8.6796875
17.110352
-0.6376953
-7.538086
-0.7734375
-8.035156
-9.268555
14.701172
-0.89160156
-10.549805
-0.7246094
-7.7851562
-9.413086
17.333008
-2.1191406
-8.072266
-0.19824219
-8.115234
-8.4375
14.666992
-2.100586
-8.0390625
-0.6152344
-10.612305
-10.824219
16.777344
-2.09375
-7.426758
0.080078125
-8.130859
-9.467773
14.2734375
0.3544922
-9.823242
-2.3554688
-9.447266
-9.40625
17.735352
-0.23339844
-8.939453
-1.6513672
-7.083008
-7.4433594
15.0703125
1.2734375
-10.253906
-3.1865234
-9.8515625
-10.580078
19.058594
0.17578125
-10.479492
-1.4082031
-7.963867
-10.446289
18.167969
-1.2939453
-8.126953
-1.5126953
-11.12793
-10.861328
17.214844
-0.24023438
-8.447266
-2.265625
-11.344727
-11.044922
17.802734
-0.08300781
-12.545898
-2.2265625
-9.798828
-9.686523
20.414062
1.7060547
-15.15625
-4.623047
-9.386719
-9.698242
21.757812
1.6582031
-12.393555
-3.4140625
-9.099609
-10.43457
20.098633
1.8603516
-13.329102
-3.9960938
-9.777344
-10.798828
21.054688
1.34375
-10.830078
-3.1210938
-10.192383
-10.762695
19.583008
3.3808594
-11.660156
-5.5371094
-6.1503906
-6.055664
12.21582
1.9658203
-11.283203
-4.426758
-6.3867188
-6.0273438
14.358398
0.84472656
-10.203125
-2.7861328
-6.2753906
-5.1796875
13.265625
1.9345703
-10.587891
-3.3378906
-8.880859
-8.1953125
17.021484
0.43847656
-11.498047
-2.5732422
-8.488281
-7.583008
17.33789
0.9941406
-11.854492
-2.9072266
-8.491211
-8.206055
17.789062
0.75390625
-17.274414
-4.864258
-12.483398
-10.760742
25.506836
0.73339844
-16.414062
-3.6269531
-11.03125
-10.410156
23.533203
2.6914062
-11.293945
-4.428711
-6.828125
-5.765625
14.18457
4.0722656
-11.329102
-5.0947266
-6.239258
-6.254883
11.598633
4.875
-13.77832
-6.6289062
-6.109375
-7.051758
12.892578
0.7939453
-14.088867
-3.1396484
-8.755859
-8.508789
19.180664
1.0830078
-13.912109
-3.5019531
-8.986328
-7.9101562
19.219727
1.5498047
-14.833984
-4.28125
-9.037109
-9.208984
20.448242
0.25976562
-12.717773
-2.100586
-7.459961
-8.095703
17.25879
3.8398438
-7.993164
-3.3710938
-5.698242
-5.477539
7.8564453
4.685547
-8.431641
-3.984375
-6.161133
-5.7626953
6.2460938
3.6582031
-10.18457
-5.229492
-4.913086
-5.2109375
10.06543
-1.1484375
-11.041016
-0.35253906
-8.795898
-9.5859375
17.504883
1.1533203
-11.818359
-3.2216797
-7.1347656
-8.089844
16.541992
-2.5830078
-10.083984
0.09472656
-8.941406
-9.808594
17.142578
0.0048828125
-12.463867
-2.8183594
-11.119141
-10.769531
21.661133
-0.08691406
-9.577148
-0.9824219
-7.2021484
-9.084961
16.05371
-3.4570312
-6.779297
2.375
-6.651367
-8.004883
10.552734
-1.7802734
-13.125
-0.8173828
-11.740234
-12.999023
22.073242
-1.7363281
-12.038086
-0.6533203
-11.310547
-13.399414
21.478516
-1.1669922
-10.223633
-1.0166016
-10.313477
-11.59668
18.767578
0.19824219
-11.232422
-1.8447266
-6.6884766
-7.892578
15.410156
1.3408203
-10.15332
-2.8164062
-5.6503906
-6.7871094
13.30957
0.7939453
-8.8125
-2.5166016
-6.216797
-5.836914
13.330078
-1.0742188
-4.390625
0.13183594
-3.8701172
-4.173828
7.051758
-1.2685547
-6.6533203
0.0146484375
-4.526367
-4.873047
9.669922
-1.2890625
-12.946289
-1.4863281
-9.454102
-9.172852
20.231445
-1.09375
-12.005859
-1.5107422
-9.439453
-8.830078
19.301758
-0.10058594
-8.145508
-0.81152344
-6.8027344
-7.8984375
13.913086
-0.7685547
-6.5117188
-0.14941406
-5.5341797
-6.6289062
11.037109
-1.8847656
-8.484375
0.06347656
-5.986328
-5.4345703
11.920898
0.18945312
-10.384766
-2.234375
-6.5927734
-6.2089844
14.572266
-0.27441406
-8.063477
-1.6064453
-5.4072266
-3.9248047
10.830078
0.5830078
-5.392578
-2.0986328
-4.2734375
-2.0458984
7.3466797
0.5341797
-7.6601562
-2.1347656
-4.8359375
-4.4404297
10.146484
0.70410156
-13.250977
-3.1386719
-10.30957
-11.137695
21.945312
0.7128906
-11.000977
-2.0507812
-7.923828
-9.256836
17.989258
-1.0986328
-10.081055
-0.8457031
-6.848633
-7.2041016
15.286133
1.2734375
-11.200195
-3.1386719
-7.3291016
-8.283203
16.97168
1.609375
-9.082031
-3.8671875
-9.598633
-9.248047
17.21289
0.16699219
-8.78418
-2.8134766
-8.223633
-8.610352
16.067383
0.7363281
-10.469727
-2.8417969
-7.7041016
-8.484375
16.657227
0.9423828
-10.277344
-2.4101562
-5.9814453
-7.6748047
14.544922
3.1552734
-9.136719
-4.4560547
-5.430664
-7.5507812
10.207031
1.3164062
-8.907227
-2.6933594
-6.510742
-7.817383
14.102539
0.8222656
-9.857422
-2.5957031
-6.720703
-7.8583984
14.891602
0.86621094
-12.4609375
-3.696289
-8.125977
-8.71875
18.158203
1.5117188
-12.639648
-3.78125
-7.4453125
-9.040039
17.978516
1.3320312
-8.453125
-3.5029297
-9.189453
-9.40918
16.44043
1.0849609
-8.019531
-2.631836
-8.134766
-9.511719
15.9453125
2.3964844
-8.780273
-3.7402344
-7.5166016
-8.885742
15.15332
1.4091797
-8.725586
-2.9902344
-8.154297
-8.37207
15.616211
0.91015625
-9.563477
-3.1132812
-6.109375
-7.09375
13.680664
-0.05859375
-12.404297
-2.2285156
-8.3203125
-9.198242
18.825195
0.16015625
-11.791016
-2.2626953
-7.616211
-8.368164
17.49414
-0.31054688
-10.1875
-1.5224609
-6.151367
-7.236328
14.699219
0.38964844
-9.90918
-2.086914
-8.170898
-9.293945
17.42871
1.2167969
-7.263672
-4.2851562
-10.737305
-8.900391
15.649414
1.3242188
-12.443359
-3.9169922
-6.7333984
-7.28125
16.66504
0.8671875
-7.666992
-2.8027344
-4.942383
-6.1328125
10.9765625
2.2158203
-9.435547
-3.9794922
-6.4072266
-8.426758
14.313477
2.6171875
-12.170898
-5.6992188
-9.6796875
-10.186523
19.19629
-0.37109375
-9.316406
-1.0078125
-7.551758
-9.774414
16.644531
1.9482422
-7.348633
-4.8564453
-11.154297
-10.189453
16.700195
2.4257812
-10.105469
-4.9902344
-7.1845703
-9.15332
15.708984
0.73339844
-8.661133
-4.216797
-8.305664
-8.834961
15.533203
1.2314453
-9.227539
-2.9072266
-6.0615234
-7.2841797
13.490234
2.6777344
-10.816406
-6.734375
-9.4609375
-9.077148
16.003906
3.6269531
-11.486328
-7.435547
-6.709961
-9.055664
12.870117
3.5419922
-16.329102
-12.339844
-11.9453125
-14.267578
18.557617
0.6796875
-10.34082
-3.4404297
-7.395508
-8.777344
15.717773
0.70996094
-9.950195
-2.680664
-9.146484
-9.605469
17.888672
-0.5253906
-11.241211
-1.7529297
-7.7060547
-7.5078125
16.783203
0.9560547
-10.28125
-3.1972656
-8.672852
-8.838867
17.390625
1.8710938
-10.30957
-6.1484375
-11.4921875
-10.654297
18.30664
1.6611328
-9.222656
-4.0146484
-7.979492
-8.688477
14.911133
1.1933594
-11.163086
-4.142578
-8.044922
-8.546875
16.574219
-0.19921875
-11.296875
-2.7421875
-6.2929688
-5.4277344
14.746094
-0.115234375
-9.967773
-2.421875
-5.7695312
-4.779297
13.0390625
0.69628906
-7.2978516
-2.0703125
-4.7265625
-5.609375
10.850586
-1.4550781
-6.536133
-0.53027344
-7.75
-7.790039
12.884766
-0.99902344
-8.208984
-0.48339844
-6.7265625
-7.6679688
14.0390625
0.47070312
-7.3222656
-2.303711
-9.34375
-9.353516
15.15918
-0.19726562
-8.332031
-1.4160156
-6.9648438
-8.316406
14.920898
1.4570312
-9.223633
-3.0654297
-5.451172
-7.4208984
13.567383
-0.15429688
-10.116211
-1.1972656
-7.548828
-9.291992
17.012695
-0.44335938
-9.5234375
-1.0498047
-6.7197266
-8.115234
15.362305
0.51171875
-8.222656
-2.5527344
-7.4960938
-8.128906
14.71582
0.83203125
-10.520508
-2.9199219
-6.6503906
-7.0302734
15.326172
0.75390625
-8.80957
-3.149414
-4.9375
-6.2021484
11.421875
-0.73339844
-4.614258
-0.52441406
-7.1533203
-7.8115234
10.913086
-2.6953125
-7.0478516
1.2099609
-5.9414062
-6.5146484
10.758789
0.234375
-8.354492
-2.0458984
-6.279297
-7.5302734
13.816406
-0.028320312
-7.736328
-1.6123047
-6.022461
-6.9833984
12.942383
-1.3691406
-5.2753906
-0.5107422
-7.3916016
-8.046875
11.800781
-1.6171875
-5.791992
-0.6542969
-8.71582
-8.52832
12.885742
-0.17578125
-7.0810547
-2.1347656
-6.6591797
-6.6845703
12.567383
0.6376953
-8.458984
-2.0302734
-6.1191406
-7.055664
13.321289
-0.48632812
-8.364258
-1.0703125
-8.079102
-8.516602
15.368164
-0.64453125
-10.239258
-1.2871094
-9.720703
-10.416992
18.169922
-1.5283203
-6.270508
0.2109375
-7.663086
-9.503906
13.021484
0.19238281
-7.270508
-1.9658203
-8.500977
-9.43457
15.28125
1.3935547
-7.390625
-2.8876953
-7.9433594
-9.301758
15.150391
2.040039
-10.336914
-3.6396484
-8.626953
-9.865234
17.924805
0.11425781
-5.163086
-3.1171875
-10.754883
-9.557617
13.390625
1.2666016
-8.020508
-2.3896484
-7.1816406
-8.063477
14.2265625
1.6181641
-9.003906
-3.0888672
-8.408203
-9.600586
16.56543
2.2080078
-9.271484
-3.5996094
-6.9091797
-8.467773
15.333984
2.227539
-8.977539
-3.9248047
-8.2890625
-8.859375
15.832031
1.5683594
-12.7265625
-3.3857422
-9.125
-10.615234
19.878906
1.6572266
-9.18457
-4.0898438
-8.520508
-8.908203
15.671875
2.4550781
-10.884766
-6.336914
-8.956055
-9.65332
15.584961
1.5341797
-8.603516
-3.921875
-9.480469
-9.167969
16.395508
-0.80371094
-8.001953
-1.5458984
-9.5625
-8.919922
15.508789
-0.8359375
-7.0478516
-1.7646484
-11.714844
-11.073242
16.489258
-1.4707031
-8.291992
-0.05078125
-8.499023
-10.075195
15.615234
-3.0820312
-5.522461
2.015625
-7.408203
-7.5009766
10.119141
0.6357422
-10.1328125
-1.8964844
-7.899414
-9.030273
17.03418
2.7978516
-11.2265625
-5.209961
-8.8515625
-10.300781
18.208008
1.6005859
-7.803711
-5.022461
-14.263672
-12.553711
19.069336
0.22167969
-4.8828125
-5.209961
-15.864258
-11.985352
16.103516
2.5107422
-7.7441406
-6.510742
-13.044922
-10.7890625
17.572266
-1.7197266
-9.9453125
-0.5673828
-9.628906
-11.143555
18.390625
-0.6738281
-10.30957
-2.9541016
-14.314453
-13.061523
21.561523
2.7949219
-7.100586
-6.760742
-12.386719
-9.420898
13.625977
1.6611328
-9.407227
-4.5195312
-13.353516
-12.317383
20.390625
-1.5644531
-11.682617
-0.46191406
-10.47168
-12.3984375
20.848633
-3.1875
-8.577148
-1.5839844
-15.769531
-13.043945
19.691406
-2.9882812
-5.591797
-0.9013672
-13.943359
-11.551758
15.604492
0.17578125
-10.729492
-3.4589844
-14.230469
-12.348633
21.848633
0.5957031
-9.194336
-3.9892578
-13.826172
-11.77832
20.013672
-0.49121094
-9.663086
-1.7539062
-10.086914
-10.801758
18.625
-1.1044922
-11.270508
-0.9472656
-7.2539062
-7.4589844
16.47168
-0.87597656
-10.942383
-1.5253906
-6.3789062
-6.5683594
15.208984
0.29492188
-8.685547
-1.8789062
-6.6572266
-7.147461
14.192383
1.2558594
-10.975586
-2.7695312
-6.758789
-8.336914
16.185547
1.4882812
-10.104492
-3.5966797
-4.7958984
-6.6972656
12.003906
-0.7060547
-8.203125
-0.57910156
-9.015625
-11.256836
16.43457
-0.12695312
-9.208984
-0.98535156
-8.288086
-9.389648
16.15918
0.31347656
-8.208984
-1.2128906
-7.8125
-9.541016
15.386719
-0.74121094
-6.7939453
-0.45214844
-7.3222656
-8.8671875
13.583984
2.0566406
-10.287109
-3.9941406
-6.7939453
-8.735352
15.222656
0.90722656
-9.962891
-1.8300781
-7.0478516
-9.000977
16.542969
1.2607422
-11.7109375
-2.6230469
-8.1953125
-9.563477
18.563477
0.38183594
-11.526367
-1.8847656
-7.8095703
-9.049805
17.865234
-1.3710938
-8.368164
0.0048828125
-6.817383
-8.359375
14.142578
-1.0673828
-14.443359
-1.5654297
-10.807617
-10.171875
22.547852
-0.17675781
-12.091797
-1.1337891
-7.9804688
-9.860352
18.927734
-0.16015625
-10.229492
-1.1523438
-6.383789
-7.4609375
15.316406
1.3554688
-9.595703
-2.4404297
-6.8466797
-8.21582
15.40918
1.6298828
-7.963867
-2.5341797
-6.868164
-7.879883
13.953125
1.2041016
-7.71875
-2.194336
-6.739258
-7.415039
13.813477
1.1328125
-9.529297
-2.711914
-7.3828125
-7.90625
15.50293
0.28710938
-8.256836
-1.7392578
-5.1748047
-6.3789062
12.251953
0.4873047
-10.232422
-2.5234375
-6.373047
-7.3935547
14.850586
0.85546875
-11.430664
-3.2324219
-7.201172
-7.0117188
16.52832
-2.3896484
-13.227539
-0.14746094
-10.393555
-10.53125
20.582031
-2.4853516
-14.323242
-0.12597656
-9.119141
-8.911133
20.192383
0.08300781
-10.658203
-2.3789062
-7.008789
-7.6865234
16.04004
0.24121094
-6.607422
-4.147461
-9.905273
-7.5371094
13.862305
1.6435547
-11.5703125
-8.200195
-11.15918
-11.254883
16.572266
3.828125
-13.313477
-6.665039
-8.344727
-10.325195
17.270508
-0.3125
-11.685547
-1.8320312
-8.084961
-9.761719
18.71582
0.328125
-10.484375
-3.631836
-8.811523
-9.276367
17.808594
-0.25683594
-13.288086
-3.0185547
-7.107422
-6.1816406
16.980469
-0.41308594
-15.194336
-2.9511719
-8.390625
-6.709961
19.386719
0.68652344
-10.103516
-2.6777344
-8.794922
-9.161133
17.835938
-0.08300781
-11.06543
-1.8203125
-6.529297
-8.041016
16.544922
-0.38476562
-15.357422
-2.4658203
-9.3984375
-10.106445
22.402344
0.35546875
-11.775391
-2.5419922
-9.541992
-9.629883
19.564453
0.20996094
-12.990234
-2.2910156
-8.551758
-9.456055
19.773438
3.2792969
-14.138672
-6.334961
-5.7529297
-7.466797
14.552734
1.3564453
-13.1875
-5.055664
-6.8398438
-7.236328
16.332031
1.3974609
-12.779297
-4.666992
-8.105469
-8.633789
17.904297
0.20703125
-12.876953
-3.1240234
-8.411133
-9.369141
19.361328
-0.41601562
-13.041992
-2.4814453
-8.189453
-8.467773
19.024414
-0.98828125
-12.345703
-1.7841797
-7.180664
-7.2929688
16.958008
0.12207031
-12.431641
-2.8710938
-8.832031
-9.374023
19.213867
0.7314453
-10.5
-3.9804688
-9.026367
-8.9609375
17.100586
1.7529297
-10.96875
-5.2382812
-9.897461
-9.4921875
17.734375
1.6601562
-11.743164
-3.7490234
-9.267578
-9.739258
19.314453
1.5185547
-11.276367
-3.8701172
-10.135742
-10.133789
19.548828
2.1484375
-15.264648
-6.986328
-10.354492
-11.402344
21.280273
1.3603516
-12.516602
-4.1103516
-7.823242
-9.080078
18.504883
0.08691406
-11.754883
-2.9697266
-7.946289
-8.2421875
17.569336
1.0615234
-12.913086
-4.0302734
-8.032227
-8.115234
18.200195
1.4785156
-11.514648
-3.6240234
-6.8095703
-4.3027344
13.485352
1.3369141
-10.704102
-3.3066406
-6.3935547
-3.359375
12.076172
1.5742188
-8.47168
-2.7705078
-5.7578125
-3.6816406
9.776367
0.7763672
-9.009766
-2.4794922
-5.4345703
-3.774414
10.905273
-0.0048828125
-10.108398
-2.3603516
-6.216797
-2.9384766
11.458008
3.2070312
-7.2646484
-3.725586
-4.7998047
-2.3105469
6.1308594
2.1777344
-14.256836
-5.4248047
-12.303711
-6.7890625
20.355469
2.6357422
-9.988281
-4.3164062
-6.876953
-3.3710938
11.3828125
1.5107422
-11.527344
-4.140625
-5.4921875
-3.133789
12.8203125
3.4042969
-8.274414
-3.5751953
-5.298828
-3.649414
7.489258
3.2822266
-8.842773
-2.8476562
-4.3554688
-3.9091797
7.274414
2.4746094
-8.556641
-2.7177734
-5.2685547
-4.745117
9.410156
2.2470703
-11.863281
-4.154297
-7.501953
-5.0439453
14.073242
1.5576172
-10.133789
-3.553711
-6.790039
-3.9482422
12.205078
2.9111328
-10.96875
-3.9082031
-6.609375
-1.6025391
9.017578
-0.44921875
-10.047852
0.14746094
-6.830078
-4.3808594
9.228516
-1.0888672
-6.6220703
-0.16113281
-6.916992
-6.8916016
11.52832
-1.2587891
-6.5390625
-0.05078125
-5.955078
-5.7373047
10.413086
-0.2841797
-6.9628906
-0.7636719
-4.5097656
-4.307617
9.263672
3.2929688
-8.694336
-5.243164
-4.392578
-4.4140625
6.970703
1.5878906
-9.15332
-3.6992188
-5.0859375
-4.6591797
11.083984
3.618164
-11.042969
-6.0351562
-5.4853516
-5.9414062
10.628906
1.6083984
-10.321289
-3.508789
-5.553711
-6.182617
12.489258
4.0791016
-11.4921875
-5.560547
-6.1152344
-6.3710938
10.568359
1.1513672
-7.9697266
-3.0009766
-5.810547
-3.116211
9.876953
0.26953125
-5.892578
-1.2949219
-4.1191406
-3.336914
7.7783203
-0.38867188
-7.2246094
-0.92285156
-4.810547
-3.196289
8.661133
0.037109375
-11.151367
-1.8574219
-7.59375
-5.75
13.730469
3.618164
-10.069336
-4.942383
-6.473633
-1.8134766
8.325195
1.2089844
-9.012695
-2.741211
-5.3466797
-4.098633
11.092773
0.42382812
-8.890625
-2.0644531
-5.763672
-4.665039
11.705078
-0.890625
-11.583984
-1.5634766
-8.518555
-4.7265625
15.162109
-1.0517578
-10.756836
-1.2177734
-8.163086
-3.6064453
13.280273
-0.77734375
-4.9121094
0.62890625
-2.9794922
-3.1308594
5.0371094
1.7470703
-9.446289
-2.1259766
-6.2646484
-5.1171875
10.65625
0.25976562
-13.082031
-3.2285156
-8.816406
-5.973633
17.291016
1.5996094
-10.381836
-3.8164062
-6.7070312
-3.7841797
12.753906
0.84765625
-12.520508
-3.3935547
-7.4814453
-6.171875
16.009766
0.4248047
-7.6435547
-1.3759766
-5.0029297
-5.328125
11.151367
0.11035156
-8.78418
-1.8076172
-5.196289
-4.234375
11.181641
-0.23730469
-8.147461
-1.7988281
-6.161133
-4.126953
11.591797
-0.7636719
-7.7041016
-1.34375
-6.46875
-2.7773438
9.936523
-0.25
-13.326172
-2.8417969
-9.493164
-5.536133
17.301758
0.32421875
-8.049805
-2.0722656
-6.006836
-4.3496094
11.558594
0.15917969
-6.510742
-1.9550781
-5.2060547
-2.671875
9.139648
0.58984375
-9.400391
-3.0283203
-6.173828
-3.3720703
12.120117
2.0458984
-11.196289
-3.944336
-6.6533203
-5.810547
14.819336
2.8417969
-10.62207
-5.338867
-6.029297
-4.9052734
13.1640625
0.9238281
-9.467773
-3.0126953
-6.3007812
-2.6826172
11.254883
3.1445312
-6.256836
-4.0878906
-3.5410156
-0.7451172
4.2890625
1.2597656
-4.560547
-1.2714844
-1.9912109
-0.7470703
2.6689453
0.1640625
-6.868164
-1.8408203
-4.7128906
-2.571289
8.533203
0.40234375
-5.8964844
-1.5429688
-4.0283203
-3.3779297
8.231445
0.7480469
-5.2041016
-1.703125
-3.2949219
-2.890625
7.229492
0.7783203
-11.946289
-3.5185547
-7.5683594
-4.623047
14.998047
-1.0292969
-11.192383
-1.7958984
-8.019531
-4.5751953
14.950195
-0.90234375
-8.798828
-1.3320312
-6.415039
-3.2460938
11.432617
0.15429688
-4.6689453
-1.140625
-3.7236328
-2.1835938
6.0498047
-2.9609375
-5.3779297
1.4462891
-5.6992188
-5.5527344
8.612305
-0.5859375
-5.7070312
-0.59765625
-6.290039
-6.595703
10.863281
0.49414062
-9.856445
-2.633789
-10.224609
-11.052734
19.182617
-1.1621094
-9.217773
-0.49609375
-9.219727
-10.72168
17.112305
-0.45214844
-11.0859375
-1.0839844
-8.682617
-10.186523
18.46582
-0.60839844
-16.735352
-2.890625
-11.251953
-11.041016
24.064453
-0.46972656
-14.951172
-2.381836
-11.155273
-12.0
23.276367
0.8027344
-13.991211
-3.1201172
-10.234375
-12.258789
23.03125
-0.48242188
-15.861328
-2.9326172
-11.092773
-11.657227
24.104492
0.3359375
-14.044922
-1.5390625
-8.326172
-11.307617
20.99121
-0.26171875
-7.041992
-1.7167969
-7.948242
-9.972656
13.936523
-1.4003906
-8.878906
-0.04296875
-8.34668
-11.7421875
16.61914
0.12695312
-9.443359
-2.3583984
-11.042969
-11.953125
18.918945
1.0556641
-6.1191406
-5.0878906
-11.097656
-8.725586
14.214844
0.46289062
-11.295898
-2.4970703
-7.100586
-8.0625
16.329102
-0.8330078
-12.922852
-0.6855469
-8.256836
-10.322266
19.250977
1.2822266
-15.547852
-4.2265625
-11.229492
-11.918945
24.00293
0.6035156
-10.391602
-2.0136719
-9.553711
-12.0625
19.279297
-0.6279297
-11.706055
-1.0126953
-10.410156
-12.749023
21.05957
1.5742188
-11.3125
-2.3095703
-8.140625
-10.941406
19.250977
1.9150391
-12.685547
-3.0683594
-8.152344
-10.755859
19.43457
2.1259766
-10.106445
-2.8896484
-8.341797
-11.150391
17.500977
1.0507812
-11.277344
-2.0966797
-7.6933594
-9.609375
17.791992
-1.1054688
-8.707031
-0.8095703
-9.5625
-11.259766
16.890625
-0.8222656
-11.839844
-0.7246094
-7.633789
-8.685547
17.041016
1.3291016
-9.457031
-2.4814453
-6.6914062
-7.9101562
14.630859
2.0390625
-12.496094
-4.2148438
-5.904297
-7.732422
14.969727
1.5722656
-12.589844
-3.1464844
-8.7578125
-10.613281
19.94043
-0.053710938
-12.087891
-1.6015625
-8.365234
-10.287109
18.95996
1.7568359
-6.767578
-3.5048828
-4.0908203
-3.9482422
4.791992
-3.7558594
-5.203125
2.578125
-2.2919922
-5.131836
4.2617188
-5.0527344
-2.9697266
5.008789
-6.0625
-7.2822266
2.0546875
-1.5126953
-6.7753906
0.40625
-5.8779297
-6.5966797
10.957031
-0.26757812
-7.381836
-0.82910156
-5.120117
-4.734375
10.770508
-0.47265625
-6.9228516
-0.62109375
-5.5664062
-6.2685547
11.192383
-1.0810547
-5.8496094
-0.19824219
-6.423828
-7.524414
11.165039
-1.0957031
-6.5429688
-0.0087890625
-5.7382812
-7.348633
11.6484375
-3.555664
-10.649414
1.3720703
-8.624023
-9.378906
16.668945
-1.3076172
-12.705078
-0.9042969
-10.158203
-10.487305
20.34082
-2.1826172
-8.7421875
0.33007812
-6.3623047
-7.3027344
13.275391
1.0585938
-4.895508
-4.716797
-12.126953
-8.814453
13.201172
-1.0917969
-5.6796875
-0.9003906
-8.635742
-8.302734
12.524414
0.087890625
-8.556641
-1.5576172
-7.28125
-7.859375
15.089844
-1.9160156
-10.251953
-0.39160156
-6.7314453
-6.8095703
14.682617
-1.2998047
-10.09668
-0.7861328
-7.3759766
-7.7226562
15.734375
-0.14160156
-6.453125
-0.095703125
-5.104492
-7.5947266
11.139648
-0.7861328
-3.9902344
1.6992188
-5.1416016
-8.446289
8.607422
1.6308594
-10.574219
-3.3798828
-5.6054688
-7.9257812
13.483398
1.8095703
-10.87207
-3.6328125
-6.1445312
-7.2890625
14.444336
2.1240234
-9.941406
-4.0322266
-5.2617188
-7.4814453
12.374023
1.4541016
-9.553711
-3.3476562
-5.6464844
-7.3320312
12.964844
