104
26
-10
-92
98
47
-105
62
57
71
7
47
125
115
80
-104
-38
-4
-91
-122
70
-67
81
-14
108
7
-50
-110
3
20
119
111
41
-88
-18
-50
75
55
-36
-99
-11
51
-24
107
-94
-35
-3
17
112
36
-64
14
68
113
94
106
114
27
45
-1
-74
-87
97
42
8
107
49
102
4
93
-71
-33
-121
-102
-51
-56
-88
26
109
-2
-16
60
71
2
103
93
-72
-44
-61
37
4
90
-127
42
-43
85
55
125
22
-99
-92
-104
-80
-96
-122
-111
-95
-53
73
122
-15
-26
-54
-122
-44
92
120
-44
109
-49
-38
-90
65
-85
-69
-113
37
-77
-13
-85
30
63
-100
99
-19
-49
104
26
-91
-77
-121
-68
-93
78
82
96
83
34
-65
56
-108
6
52
104
-62
-51
87
28
-42
120
-118
107
-39
-44
55
38
13
89
45
0
-20
-87
69
-89
-90
76
96
84
39
80
57
-79
103
72
8
-83
52
88
-114
34
-14
-19
90
-47
23
18
57
-120
32
16
116
-127
-31
-110
-91
30
-91
-94
69
-115
-69
109
103
55
-13
-30
-25
13
40
64
-73
-81
-22
65
-81
-61
19
81
-56
-123
60
-116
86
-8
124
52
-108
114
-123
64
92
-102
59
112
-32
-11
55
-114
-46
-88
-11
122
-6
-47
74
-87
-8
-36
17
127
90
-89
46
-26
-70
-60
12
-27
-72
34
-43
-100
-84
-46
98
-43
73
-91
14
-75
-27
100
-28
44
-109
-107
-50
-60
-73
-9
19
-126
-25
90
-5
98
75
-115
86
-34
-124
18
-88
34
44
96
76
-84
35
-119
28
15
96
96
-123
97
-40
113
-27
0
-96
94
-74
-64
61
95
-39
90
96
-2
79
65
-98
11
-125
5
118
-47
68
83
-52
83
-127
-2
-126
-79
54
122
-40
43
0
-118
24
74
-99
-78
116
108
-121
100
91
-81
-58
114
-19
-86
-81
65
-20
50
57
17
-15
89
103
119
118
0
69
40
-43
-97
81
-115
63
-60
106
50
97
102
112
86
-11
19
33
52
107
-122
105
63
-7
36
-37
11
91
107
-12
-125
42
33
80
48
-86
124
-73
80
16
41
127
0
14
98
-101
-115
-107
24
84
-17
47
-114
18
24
-30
92
-121
73
117
94
15
101
100
-87
-86
-108
120
43
-45
67
98
-80
-107
-43
-56
-66
0
105
-96
99
-21
42
125
108
119
59
-107
76
120
61
-18
83
83
112
-86
-108
57
-41
93
99
-103
-44
13
-42
110
95
-105
51
-2
78
-69
-104
7
-122
66
11
-95
105
99
-26
-35
62
-110
-57
-125
50
66
57
112
37
-62
114
-74
-55
-91
67
-109
-101
26
73
82
-39
-1
83
17
31
-70
49
-19
119
-44
72
5
12
50
14
54
103
70
11
-7
-38
77
-114
-83
-74
-90
2
-93
-50
33
-65
-101
-26
-75
-87
78
-100
-38
-12
40
52
-118
64
113
60
-65
-56
21
95
-58
-19
42
21
-41
-105
84
-80
68
-20
62
70
31
-19
-109
62
-86
-11
-44
98
-112
-2
115
-10
-78
-86
-7
-26
-54
-59
-5
-84
-27
-90
115
0
4
93
85
-73
-109
-21
26
5
90
-68
-46
-63
99
102
-33
0
53
86
-76
121
-121
-3
115
-92
-127
44
-113
29
-2
26
-47
97
-78
120
-22
37
32
-4
-77
-34
-56
117
54
-3
34
107
-8
-45
25
-53
-115
127
34
-121
90
-71
-106
-14
-18
-83
66
93
50
-7
-10
-1
-47
123
-81
113
97
71
-40
33
14
-24
-53
-108
-101
13
-79
-99
70
14
50
-128
-73
69
61
-85
31
-70
77
55
-124
-120
-11
85
-43
-23
101
124
-19
9
-41
117
109
115
-110
74
118
-9
-76
-13
52
56
87
101
-42
119
-8
16
33
-87
3
-98
102
120
-13
118
-12
116
-60
-62
-78
81
20
109
-17
-109
1
-117
29
-81
-1
-69
121
115
-10
-109
-45
-76
-110
126
-5
-84
110
-85
-53
-75
74
55
60
87
-102
82
78
-13
-89
0
-49
6
30
-43
-10
123
46
43
112
25
79
-116
73
33
-15
8
-32
-45
-22
94
-101
-95
69
-3
42
39
-115
84
113
121
67
13
75
-16
82
30
-15
-66
86
85
-81
-42
7
-45
61
82
71
90
-44
-66
-113
77
7
-40
-53
42
-11
-105
98
18
56
-101
121
112
-45
-64
-48
36
48
-123
13
36
124
117
4
-121
117
9
40
-115
-48
119
92
8
74
44
-98
125
18
-95
-47
-29
18
-74
54
65
39
-98
-18
-34
63
-1
-75
-106
31
-51
-49
-36
45
-44
-61
95
20
18
79
122
-116
-112
-64
26
-72
-56
61
-127
-89
-67
-5
-15
124
40
-43
-42
-66
-82
89
34
-110
-93
19
92
17
-119
-1
126
-113
-29
44
-3
33
123
-97
17
-1
-47
112
77
-128
124
121
-52
100
-82
-62
-14
67
84
-55
2
100
50
-58
44
-51
-61
-93
-31
-24
84
97
-64
28
91
-68
-120
120
-2
111
110
39
12
-48
90
-57
95
-104
-14
-126
-91
-4
30
55
86
-77
-35
-81
-113
78
42
-66
-125
50
-49
-104
-64
-25
94
-29
-78
62
85
-43
-39
66
-79
92
-45
60
111
29
-93
108
-19
26
-30
15
74
86
59
-15
7
7
-76
28
-83
12
-115
77
-87
11
-3
-90
10
41
15
-53
-14
-53
-4
-12
118
74
66
10
82
-26
30
85
116
43
-103
-14
112
-82
109
-69
-30
-29
84
-22
18
-111
30
-60
7
-93
-8
-98
24
36
-63
-33
-98
-55
37
95
71
104
78
37
-105
-117
-47
34
-126
-50
66
98
36
74
25
44
-77
-75
-12
19
75
71
64
-16
-95
31
50
-10
80
-86
-49
-39
25
-42
-5
-60
114
-23
104
6
-42
-28
64
72
-81
-43
-2
-107
71
27
-74
-127
109
105
21
109
-126
40
124
37
-126
-128
-103
-110
55
-112
124
-54
89
-13
52
113
-55
48
-1
-3
108
-56
-49
-100
-81
-1
-23
75
-120
-56
118
88
119
49
95
125
69
-67
49
48
3
95
-50
48
-22
36
13
119
2
-123
-89
93
-81
-76
38
60
120
-34
-38
-73
127
-95
-101
-17
-90
-11
-33
53
-22
65
-36
-39
-99
-54
-68
83
125
50
-13
103
-128
-92
-64
24
115
21
-32
101
-110
27
-10
68
82
-109
-10
-84
6
93
73
-20
-60
101
-33
-23
-109
73
-20
-43
-25
49
-85
-42
-100
9
77
-83
40
-101
32
8
81
3
-72
-78
-45
-36
-31
61
7
103
117
40
-70
-21
7
82
-88
18
117
-118
64
-99
78
27
-30
98
49
-8
16
40
39
98
-62
-92
-116
-56
29
-91
-105
-117
-25
-93
43
123
73
23
-103
-104
18
-65
96
-59
47
-37
35
112
-16
-26
-60
55
-5
29
24
-51
31
41
86
97
-2
-4
-40
-73
-27
-69
12
-77
-65
119
90
3
-118
-70
38
-23
64
16
-85
49
76
-44
37
-70
58
78
-99
4
-31
36
95
25
-124
89
-121
92
122
30
-86
-21
-3
98
7
122
-54
7
8
123
-92
111
115
60
7
-70
-116
-2
-89
84
70
-110
32
78
-57
43
69
-53
65
7
60
-46
64
108
106
-69
7
89
28
112
-30
-18
-53
90
33
118
-2
45
-76
51
46
-34
-14
-100
-58
68
43
-91
-125
60
-17
-35
45
39
-88
-51
-49
115
0
78
63
-13
-43
-72
-11
-63
119
66
22
-84
-119
-24
8
102
14
64
-38
83
-13
-93
-15
48
88
69
-122
82
54
30
112
-26
17
68
28
-40
-38
-128
-59
-83
-82
12
-42
-119
-7
-96
111
45
50
113
-20
-127
118
-38
-127
17
84
-21
-43
-108
72
-120
50
-75
-62
45
67
83
32
57
-34
-103
-69
111
20
103
71
62
54
-65
-113
-11
42
92
-89
70
-55
39
-89
-106
102
-120
104
-63
-118
122
34
75
-13
-13
-69
-89
-38
-42
77
123
110
-76
-71
7
-48
-122
-127
105
43
-127
-76
-80
-33
2
72
-77
-13
105
83
37
112
-124
6
-112
17
-118
-104
-15
-58
6
66
68
-112
27
67
97
96
-28
-14
-11
76
27
32
110
-99
-4
-126
118
-1
7
116
62
98
-38
-72
-35
47
0
46
75
-91
-5
-92
110
41
-100
63
87
4
-32
58
-94
10
0
-41
45
-21
-17
81
12
-118
120
101
19
-111
100
-25
-61
-99
91
-64
-80
68
81
-54
-126
-43
54
-60
-31
-67
23
-51
98
9
16
-78
88
-12
123
126
-121
105
-100
72
-91
-60
46
-113
-18
-75
121
70
9
-18
-45
93
-71
-7
-127
7
-20
11
-90
-88
-62
-45
71
-90
-61
60
-32
-10
48
95
-108
107
47
-125
-26
67
4
71
-55
63
80
-101
32
16
-101
64
-4
34
-43
-35
-7
-14
-103
-126
-9
52
41
-21
101
-2
-60
-75
-99
103
-56
16
-46
72
5
18
-72
-109
-15
70
-27
81
102
-94
38
-22
-54
-24
-101
-24
-111
19
37
25
100
10
104
-32
74
67
-83
89
-101
33
-97
39
64
32
119
-101
-85
103
50
-35
-73
-21
26
65
-122
65
66
-80
4
-90
-24
113
-11
126
-3
-71
8
26
-119
-121
56
-104
-99
-91
58
-10
-63
-21
-40
-65
-125
114
64
113
-62
110
80
59
40
123
57
7
31
75
-91
125
78
-87
-22
107
113
-75
-112
86
-94
109
-125
19
-26
66
-66
64
2
30
110
39
-25
-102
18
90
100
-29
-69
25
17
-56
87
92
22
43
4
29
75
124
52
-116
110
90
45
120
91
-122
34
59
28
118
-48
46
-50
81
-65
-52
-128
-15
-126
-31
-8
-63
-100
-49
54
64
125
-70
97
-4
17
30
-17
-124
-67
49
123
-79
21
23
99
-49
60
3
14
-67
24
-105
115
-94
38
49
-98
-62
78
25
-44
-121
29
43
104
-90
84
21
-66
1
-73
87
-8
115
-93
-81
-105
68
11
43
72
74
-8
-1
-32
-46
-109
-70
48
34
37
-53
17
16
16
26
-5
26
-8
94
61
83
30
-61
121
35
18
17
28
-119
50
72
98
-59
31
64
-15
59
3
123
126
66
-119
-33
-5
-101
102
33
116
126
61
-120
65
114
-101
73
94
-58
126
-112
28
-52
-62
124
78
-37
-91
-93
-74
28
10
-110
52
53
-39
-79
-11
10
119
32
-90
99
5
-66
-126
74
71
-68
54
-127
11
85
-58
-64
77
-79
50
-50
-127
-51
120
-100
40
65
-26
-32
31
-122
116
85
29
125
-107
123
50
-6
126
97
46
-67
40
-34
78
119
-124
66
-50
66
46
-99
-20
0
-33
61
-69
31
78
46
-71
86
120
-10
-23
-86
-105
96
6
-51
-77
53
-57
-98
-88
72
59
-92
-2
-13
6
-22
-5
-17
105
-71
-123
127
49
-85
-66
-114
-42
46
28
-72
97
-100
84
104
-112
-105
-25
-96
-72
-85
-55
-58
109
26
100
-118
-13
-94
84
20
-89
-5
-110
35
119
-60
-83
-85
-113
-18
-50
26
-19
61
61
88
120
105
116
50
-22
-15
98
20
-46
-38
24
2
121
-122
4
14
-40
30
-48
11
-77
-55
66
4
-107
-109
68
-114
70
-90
-118
-124
-65
-8
-3
68
17
-123
20
-8
-51
28
126
-30
-120
-61
-11
51
-80
-74
-70
-67
-15
-35
45
-127
27
-87
-34
-20
-125
-103
75
-50
-106
37
-35
-47
127
-46
-18
54
-99
66
33
94
107
-63
-22
1
-85
-20
-69
3
-24
-74
85
-20
-119
-49
47
61
109
1
-49
-100
52
78
-86
-110
-30
-15
-125
-5
-125
24
-29
4
27
-111
-116
-74
-125
-56
-100
57
-94
14
-39
-52
-80
-10
-41
122
-27
120
43
-47
-124
-22
-11
40
32
-23
-30
54
16
5
82
69
-90
-121
114
77
-35
-39
-62
5
-119
-85
42
-51
-65
-33
17
-48
-14
-85
68
94
-82
-114
-94
-114
40
-17
-42
-78
14
-93
-24
57
126
118
-51
0
-74
62
-115
8
-30
45
-62
-8
-100
-75
-35
85
-18
75
-79
126
2
105
-93
-76
100
-126
96
109
100
96
113
115
75
-54
-37
96
34
66
-105
77
59
-56
-94
44
-52
1
24
127
36
-5
-6
-30
-48
34
-122
-112
79
53
94
60
95
-24
-29
97
51
70
-56
-44
-74
79
0
-78
-60
-11
58
-9
-4
17
124
-93
52
-111
-80
122
-81
10
-52
-64
-116
-56
-21
8
36
32
-61
-40
-126
-38
21
33
-31
-123
-68
99
-100
77
86
-97
85
-71
-3
-75
-60
79
-84
-9
61
29
117
54
70
-13
-47
13
38
-111
7
63
107
-53
-37
-13
-73
-6
29
51
79
123
48
-48
-31
-74
53
114
-65
10
112
-22
-45
-128
1
102
-40
36
73
-43
58
-28
-22
35
79
-113
-65
38
-20
59
-8
124
-81
73
-44
12
-81
48
1
82
-89
102
-45
68
-96
17
-60
-21
60
69
68
71
116
-37
-70
-67
119
-75
-120
98
93
-54
-108
-75
16
-126
-19
69
-105
103
30
-105
19
111
-35
14
96
-124
-57
102
93
18
4
-55
-12
48
-50
74
104
-34
104
12
127
63
-81
73
49
13
-3
-95
-41
-94
-54
-93
71
9
-124
-103
-90
3
-29
-59
116
50
-3
-123
-92
-108
-69
-17
-74
26
-61
10
-17
-43
103
19
8
-91
3
2
18
45
115
66
37
113
-42
-17
39
-18
58
22
-85
-76
99
111
50
81
56
-40
-49
-31
-27
-85
77
-12
-89
98
-63
-16
-97
67
-112
-16
-106
127
30
-111
-48
-108
-30
-115
12
123
45
-43
93
-40
-115
-40
96
77
-7
-120
52
-35
77
-71
-122
-33
22
-114
102
-35
16
68
10
31
-107
-98
-67
54
-9
29
-5
19
-53
-94
-27
55
70
-30
114
-26
102
-53
-6
108
-26
-90
-4
-82
34
44
-29
33
-43
-28
-97
-20
106
-29
-85
57
-9
-55
38
-90
97
-81
-53
124
39
60
123
-69
125
31
-116
76
-54
-72
3
29
-91
55
13
-23
0
-63
-32
69
-1
36
12
55
92
4
-114
41
-94
-37
63
0
-10
44
27
61
-64
43
-100
-102
-30
90
-113
-14
-85
65
105
-60
89
-26
-96
39
-49
-82
-77
-23
-120
-77
123
115
-26
-125
33
77
-84
43
-33
-84
-102
55
95
-127
-3
-54
-62
89
-58
86
83
-96
-43
75
-59
-50
-9
81
44
-35
-58
-66
-105
8
-3
58
-31
104
-72
95
-66
13
-47
75
50
-23
107
121
-2
10
78
-51
83
22
-124
-119
-117
-81
-105
-88
-58
65
26
43
-31
63
-61
-115
106
20
-114
-88
22
118
37
103
-34
-3
83
-16
-24
-94
79
124
-6
107
109
116
102
101
-102
75
107
-55
1
-45
-34
-58
38
-11
-87
100
45
53
-91
-113
-41
-36
-39
73
89
-120
37
80
-20
-60
42
28
-109
-117
18
86
-20
-40
-7
-24
-95
37
-9
54
-26
113
-75
113
115
105
-103
15
51
36
-89
2
107
-18
-55
80
-122
-79
83
-31
125
-115
88
-12
74
-103
50
115
65
-98
-11
34
98
-95
44
-109
-50
50
-8
24
87
-47
111
-86
-23
-101
-110
-81
38
-22
35
-49
8
46
-125
78
65
110
36
-81
47
-44
95
-55
-128
-112
19
56
12
59
-18
-3
-107
-128
-70
-45
-117
-71
115
-48
18
-90
-53
121
99
-91
-102
-20
8
56
-113
-51
-78
-22
-72
110
-63
32
106
-49
-34
-32
-93
55
61
-1
-105
-43
12
71
-114
-18
83
-6
23
98
-110
53
45
49
81
-66
98
123
-82
-22
-46
28
45
-70
-121
-70
75
35
-51
113
-82
-55
-48
-119
-49
-87
49
47
-52
102
-26
33
-83
6
83
38
78
-102
-77
-8
124
-64
-115
-90
-62
-87
56
26
43
52
-64
47
-38
-9
-46
-72
-11
-31
-25
-20
-119
-101
-18
96
9
33
36
-111
15
-101
-123
-3
-104
46
53
60
83
56
125
26
25
-115
40
25
2
-50
-38
17
36
-124
-110
-75
-32
-116
125
101
14
-18
-14
29
15
120
88
-110
4
-94
-105
34
-121
102
-11
-4
31
55
39
11
61
-81
55
-95
-12
110
-121
119
93
-81
-76
86
-26
-110
-38
55
-52
-97
69
41
69
-57
106
79
-44
-88
-39
-80
76
119
68
-50
81
102
-100
-76
2
93
24
72
52
-5
119
27
112
-61
-34
20
116
41
-77
23
-10
-10
61
-82
65
109
-13
29
-58
-65
41
-2
-122
63
-85
109
-20
110
-14
12
33
-92
-119
-51
-95
-98
-65
-29
-113
-14
-114
-10
-4
21
-116
81
118
-9
-107
-20
15
73
-12
126
73
61
109
109
-7
48
13
-97
33
17
-56
76
-63
-100
-34
-42
69
29
-49
24
-48
-87
-106
-25
37
93
-2
69
59
51
-62
95
67
81
-97
86
-128
-2
-48
69
105
-24
-12
89
-35
46
-17
92
-88
117
127
-16
-7
-91
-75
82
126
-115
39
68
34
-63
-108
-60
-115
-109
61
42
106
126
-39
82
-64
-23
-96
38
-83
106
88
26
35
-123
71
57
120
-88
13
-85
7
85
28
-94
117
-25
-13
50
-89
38
109
99
88
-87
-51
-28
-104
62
-121
92
33
58
80
93
47
-20
-116
65
-112
-106
-86
97
-40
-112
30
-53
-89
51
110
-58
44
-91
70
-61
-78
44
0
-46
110
-86
105
81
-7
52
67
-119
74
-120
-51
-116
114
50
89
68
6
-84
19
52
-72
91
122
-41
-126
3
-112
-20
120
-69
-36
30
102
-58
78
101
29
-14
59
67
-121
-23
4
100
-79
95
105
-117
-36
48
-122
-71
-27
97
33
-30
-26
5
-117
-127
-29
3
80
-86
-98
-27
-32
-26
-28
-126
95
82
-85
-70
-53
104
-117
119
-113
33
7
90
76
-46
102
24
-75
-55
-51
-93
36
-91
-48
97
89
-120
124
-24
9
-15
125
93
-119
103
-29
112
79
-88
-93
-66
121
-76
90
35
4
67
52
-44
-109
-8
1
-46
-23
-59
26
-101
-55
50
13
56
55
28
58
-117
107
86
-35
41
24
25
8
-33
117
-106
49
-67
-44
75
113
94
95
37
-50
44
46
-1
-127
-29
78
-125
72
-54
-23
-56
64
41
44
50
1
15
13
-4
92
13
-112
-22
-104
34
-31
-89
109
38
59
-123
-105
-44
-100
-66
-59
-9
3
-64
-77
-116
104
-123
-14
101
49
-107
15
95
-36
-25
36
29
70
-46
-25
-83
-110
-76
67
-93
-75
-26
123
16
-92
63
-110
-112
15
54
117
17
-115
10
-13
-42
-119
52
-25
-67
6
-5
-15
110
-101
85
52
-48
-18
46
-113
-56
97
63
99
-33
-84
119
46
108
26
126
-115
-113
57
51
31
110
23
59
-115
124
-118
4
97
0
-102
-97
-30
111
-14
-48
-5
-96
-53
12
-87
-36
102
41
-5
69
52
-52
4
-75
-122
7
-46
15
-55
-70
-62
125
4
57
-88
64
-96
27
113
-102
87
-118
-42
81
77
18
-62
127
-64
32
29
4
71
-114
88
-23
-120
36
-73
-16
18
-99
-30
62
-81
-6
15
-85
73
45
93
29
-99
-44
4
126
103
-69
90
102
-28
91
58
-47
111
-35
-58
95
125
-1
-42
70
-74
-16
-51
81
-81
52
10
-75
55
90
120
-29
123
-95
87
-13
-45
-98
1
93
81
101
39
-105
-11
56
-96
-107
25
-23
88
-12
-48
9
105
2
46
72
-64
28
104
118
46
105
8
-62
-31
-20
52
8
-58
107
-1
70
38
108
34
-70
68
63
-78
122
116
-98
94
-29
64
96
22
57
-14
-66
77
76
61
48
33
85
12
67
-24
-119
-120
4
-40
-123
86
-110
50
105
74
-56
49
-92
126
-28
118
-43
48
-58
-27
106
82
93
17
-100
67
80
-4
86
-76
91
-15
-34
118
-105
113
37
16
30
-68
11
-124
79
-60
-105
-18
-86
109
93
-2
55
-10
-79
91
-74
-2
43
-39
43
-118
-39
47
112
40
36
44
34
99
57
-77
33
100
-44
-3
93
96
48
-23
-78
-62
80
-86
-119
100
50
73
-62
-127
2
-78
-75
-92
21
22
-87
68
-23
-119
124
87
-10
108
3
-108
-26
35
-62
115
36
87
-15
-115
91
-95
46
116
29
-60
-90
4
-72
92
30
89
-77
-44
-126
-126
-117
-91
52
117
16
21
79
-3
-64
0
-41
111
85
-101
125
65
-1
-62
67
-2
90
89
81
-78
-35
57
41
14
-72
30
-18
-117
25
-88
-89
94
-45
74
34
-31
109
44
2
20
104
61
-91
84
-7
-21
81
31
-22
74
51
84
-45
-115
17
22
52
-45
-102
120
-17
92
111
-43
-126
-25
34
27
-34
-15
14
1
-107
-82
84
48
104
-12
124
97
43
-127
-38
84
-52
14
86
-128
11
126
100
76
89
-85
-124
-13
10
93
-50
94
-61
-66
-94
-53
99
119
-117
0
19
-16
-61
57
14
91
-73
-26
68
59
43
-52
-102
26
122
-77
74
-69
-57
53
76
-79
68
91
-57
-127
119
-79
-23
98
71
-20
-9
5
100
-72
71
92
-100
-116
-107
-116
-69
-11
74
-71
35
59
-73
-81
87
-101
-125
44
-79
-117
-10
8
51
41
-24
120
107
127
122
75
-41
48
-73
-73
20
-14
-43
98
26
80
-42
-85
-102
-12
76
29
24
71
-98
-52
35
-84
-86
-2
-101
91
-70
21
114
-121
91
31
7
82
-108
1
-99
101
-63
-88
28
6
119
99
-102
30
105
-101
-128
-125
53
23
-89
-61
120
74
62
7
-72
-5
17
-116
-108
-61
-97
49
19
-27
-56
-92
9
-105
29
-83
69
-6
-16
-97
119
-105
29
-63
78
-70
-34
-54
-119
65
125
118
-86
-68
-58
17
6
101
85
-84
27
114
104
41
119
104
66
-7
-120
58
111
-36
3
-28
123
-60
92
104
10
-12
118
-77
-91
-41
114
-28
108
48
-122
-17
-6
69
-39
90
119
-87
62
67
88
73
52
-37
20
-9
-108
40
-68
28
82
-72
-90
-58
-122
32
110
-111
-53
14
123
-101
-7
-70
103
27
36
91
-72
72
113
115
-39
-24
-36
-19
-50
111
-51
26
-36
89
85
-122
-74
53
-118
64
-85
-103
-40
-118
-115
-76
28
-96
75
82
122
33
24
107
-75
-108
54
96
-15
17
62
101
-85
58
72
24
-4
65
-104
-82
60
-76
21
94
37
55
-84
-45
126
-13
125
-114
-36
10
54
-16
-97
-46
54
-85
-47
24
-50
65
-88
-45
96
-126
116
53
8
-94
109
88
-102
67
101
113
-81
4
-28
-50
56
96
-82
-124
59
-13
85
-122
92
-38
102
-57
-35
-35
-34
75
116
-28
111
97
48
-37
-26
72
16
-67
-90
-90
122
56
22
-63
2
-75
12
-85
90
-6
-107
95
9
45
40
4
-25
-117
17
-11
7
-17
88
126
-32
92
34
-60
-45
73
-80
-16
-67
74
-81
-97
11
-5
101
-128
-29
124
-112
-53
-110
45
-91
113
-6
-9
-71
85
90
-2
14
92
-31
51
-86
-32
-38
42
-53
10
33
-103
41
-98
9
92
7
-124
53
23
109
-66
70
16
91
-13
-4
-94
67
21
89
40
67
104
-42
-105
-47
-88
5
-99
-70
29
118
-92
43
-85
-86
97
60
-60
-110
5
37
-70
-122
-20
-91
-89
-79
18
49
-87
55
44
-30
-128
101
-5
54
-31
-128
-69
10
1
75
14
-39
99
-62
103
-22
85
27
-17
-65
-99
18
-53
18
-97
63
110
-92
93
99
-68
102
-38
61
45
-64
-17
34
-89
82
-76
112
-121
-123
78
53
-19
99
15
-27
-126
-82
-40
55
14
47
79
-19
-96
-6
-11
62
-82
53
-103
107
-63
-54
104
-89
-19
-12
103
-35
124
38
118
16
65
14
67
-81
-62
118
16
-95
42
74
-25
-65
-109
95
77
82
85
110
-101
-24
-47
99
35
92
118
-88
61
-106
-47
-1
114
-61
115
-56
-38
-1
-52
78
-7
-11
-101
-83
-98
-101
47
37
24
51
114
-81
-34
-29
112
-84
-120
-101
2
-38
-85
-35
-65
27
-113
69
-14
31
-94
47
16
-95
-59
-28
92
19
77
46
-97
116
45
71
-52
-44
68
95
58
-11
-69
105
74
-110
-98
30
-111
-111
119
40
55
127
32
-94
12
113
-32
56
-41
-22
84
48
-3
62
93
-61
87
-20
121
118
-12
-56
-106
-31
10
-17
117
-99
-93
25
10
98
-125
119
-92
-65
-116
-112
-96
-71
-60
98
22
-72
53
77
-92
-42
-13
-119
-121
-6
-62
64
-23
101
14
-52
-113
93
-89
81
-45
-73
-34
-14
-36
13
102
-103
76
58
85
17
-32
-87
120
85
-54
59
120
-24
-35
66
21
95
75
65
120
81
52
72
65
-55
-124
-68
-8
-53
-25
-108
-53
-101
-109
98
62
-51
-76
-108
10
67
99
-42
-17
91
34
-57
-87
34
-19
23
95
-63
-35
-10
-74
-68
16
40
-79
4
-126
14
66
41
-57
123
43
-81
-92
56
-18
59
-72
-93
61
107
-28
-33
-41
51
71
106
-108
-114
-26
9
-3
45
-8
34
-45
-32
54
79
-91
-112
124
-61
104
8
98
58
-91
28
-15
21
63
-91
-58
89
110
-46
-48
76
52
-48
8
-44
74
-4
-118
33
80
-20
-30
40
-55
-49
-72
24
-112
103
46
-37
-31
0
-41
-118
1
42
17
24
84
40
-30
-74
-55
-96
-106
-93
54
-84
86
36
-68
-81
-44
27
-67
50
81
69
98
-119
54
-50
-43
13
58
-24
-51
31
-118
115
12
28
-54
4
124
-35
84
-21
82
102
-31
78
4
-61
103
64
49
-80
17
-117
-25
99
-63
-89
56
-49
-41
60
-15
9
-16
-107
-47
-30
-31
68
-29
14
-115
-23
17
-59
-122
-26
-11
111
-48
52
-120
-43
98
35
-29
-117
76
-83
118
93
67
69
-115
42
-31
-122
-57
73
14
-117
-72
-81
-17
121
108
11
-38
30
85
-82
-29
-21
-40
89
-4
22
-59
-21
35
-1
67
32
-109
112
115
58
-53
-102
41
-89
113
126
-118
-77
117
89
-120
-5
-59
-112
17
-21
113
70
-65
-24
121
-4
-91
94
-103
67
-43
-22
-102
93
33
86
-23
23
77
-40
-112
84
70
24
117
-128
-118
-124
-95
67
-92
-21
94
-80
-46
118
-89
45
99
87
35
-106
80
20
84
-107
-55
-2
-47
-64
82
9
-88
-49
-15
36
-75
-11
30
-43
-52
1
-77
118
-84
-23
16
94
-1
122
-117
120
106
103
-31
35
49
24
41
-104
-52
-43
103
-55
-23
-14
-55
71
-29
120
41
-117
15
106
11
6
-11
-46
-40
74
31
56
-69
124
109
-112
78
-61
47
-66
-63
63
46
-103
-11
116
81
-127
-91
95
-20
-106
-69
-112
-66
69
39
29
104
101
64
-79
-86
-20
-45
-60
12
-94
101
58
-53
107
-76
21
42
20
-101
101
98
57
11
-78
-29
14
9
89
-4
-89
-53
-128
-107
-21
54
-4
42
-29
127
59
-26
124
-70
-42
46
66
124
95
105
-59
6
25
-20
-9
-89
-66
-12
-107
-99
-47
54
4
45
48
-81
-16
-7
-67
126
42
15
-39
113
-93
65
42
38
-64
-42
-116
9
-45
49
-74
-120
86
58
-38
6
-45
15
-28
-95
38
-82
-49
-1
44
11
40
-126
56
-65
65
-121
-27
118
-61
-51
118
-124
-121
5
-69
-112
-110
-69
58
-67
-59
80
49
75
-94
119
20
-113
-74
92
21
100
119
40
68
108
-98
61
-99
35
-93
-123
37
-35
-121
123
-48
-47
32
57
11
87
65
-120
-30
39
120
96
3
38
-7
11
77
124
2
-13
18
-24
-126
109
103
108
71
18
50
-12
29
113
23
105
109
-32
84
15
-75
127
-122
91
-59
85
94
124
-9
65
41
-9
-110
105
97
-38
115
-109
-72
51
93
-5
74
80
-65
87
-97
-77
21
-64
66
-84
-87
-12
-35
80
16
121
-63
-27
60
-7
-39
-19
-110
70
-20
89
57
50
112
41
-116
-65
-106
74
-46
91
88
-85
-67
-72
-30
-42
46
118
-110
35
104
-109
-100
108
-26
-43
-43
123
66
-41
10
-42
-53
45
24
30
114
-87
-3
34
54
109
64
-57
-92
14
84
-105
-30
85
-108
119
-98
-44
126
-127
91
-122
114
86
-43
19
62
33
25
12
-98
-35
71
-44
-43
125
70
-124
-84
-127
-37
-19
0
20
-27
40
103
3
32
12
105
8
-16
-92
7
1
-18
11
66
19
-27
-123
117
119
50
-104
-15
14
-107
100
31
113
-17
-113
-75
-82
5
89
-5
31
55
8
71
63
89
-31
-33
-118
-51
-22
-15
-127
-61
-54
-15
89
47
-58
109
-112
78
76
29
-21
-8
70
27
27
-10
21
67
-25
-97
-5
-111
-113
34
63
-43
-44
-15
25
-51
-62
-122
-74
-7
77
-55
-40
108
-117
12
-68
126
-124
-120
11
-28
112
8
119
72
-98
-25
-77
-50
103
-11
33
-95
-100
-108
93
25
-26
-58
33
-19
5
-92
-3
-116
98
-2
-45
75
59
119
-55
-41
53
-46
-91
32
94
-112
-105
18
52
-49
-105
-82
122
-22
-91
-125
91
85
111
29
-9
-40
-52
46
13
-89
-35
38
-14
-10
-59
14
44
57
7
110
88
-30
90
99
52
-88
93
86
121
-44
-36
15
60
-124
111
-73
-9
-55
69
-11
81
8
-62
-118
-124
70
-101
31
-1
-62
-119
-126
20
110
-46
-122
-89
29
114
26
79
-62
55
-91
38
101
-110
-96
0
-20
121
-71
59
27
-65
77
-42
-13
9
-99
-101
95
-78
112
-66
-14
87
-46
112
-86
-65
-19
24
-90
-53
-7
33
89
-109
31
-28
90
-124
21
122
38
-3
55
127
-15
-120
-96
10
-84
22
-68
27
42
102
121
-68
44
-35
4
100
-21
109
19
80
10
-77
109
127
-3
-80
-101
113
-35
-59
55
16
-70
13
105
-50
91
126
94
-14
47
-96
32
-28
-65
0
-78
-94
7
-37
53
76
-51
-74
-7
-102
60
-93
-11
46
45
80
-113
92
102
-29
78
-125
123
47
55
57
99
-62
71
94
-125
-91
-30
97
-88
-78
33
-13
-52
69
5
-108
-7
-90
-42
5
40
10
-62
-22
9
3
-83
-88
-121
-93
38
-73
34
-100
106
-44
-29
125
-19
-2
47
48
-46
112
-21
29
55
-19
-70
-126
-2
-30
59
-47
-20
-77
-51
100
-50
-84
87
4
-69
-98
83
112
27
68
51
40
125
-55
52
-54
115
-88
44
-100
-41
-98
116
-6
-109
119
26
-54
-69
90
33
4
31
29
115
49
-88
-86
69
65
-35
-111
15
112
-2
-42
66
31
50
121
97
0
27
54
9
-123
16
-9
32
18
-114
69
-95
95
107
88
-46
-40
-78
-59
-9
-12
-43
34
53
28
-65
102
124
-44
-99
8
122
-126
58
-111
-44
48
-83
57
-122
-90
-100
25
-36
-38
-47
3
-103
-64
81
-85
79
66
-7
-74
1
33
-49
24
21
83
3
106
111
-14
-55
-64
30
125
45
-13
92
1
61
76
-64
-61
112
60
1
-87
66
-70
100
-6
-67
-127
-109
113
-94
102
1
52
-28
-99
58
-112
43
-108
44
-61
-64
-10
-112
-74
-92
26
119
66
42
81
44
19
60
92
-122
40
4
36
98
18
-31
74
-92
106
-8
-116
-61
-55
-90
-104
-118
-38
-41
7
-18
-5
-93
53
43
-6
48
80
-43
121
12
-54
31
9
-64
-33
56
-13
-26
-96
125
-99
-44
-18
121
-81
-123
16
21
28
79
-124
-68
-19
-59
-83
-102
53
78
-25
-87
-98
-44
-9
12
-101
-104
-57
103
125
-127
124
-83
-59
46
98
94
13
93
69
8
82
-115
-54
26
60
107
34
126
-66
-50
-94
72
102
117
-54
25
90
-58
-59
-32
-112
92
86
-2
111
19
-61
-69
-51
-99
-37
127
28
-16
111
48
-98
-107
-97
-113
-37
10
-52
111
55
110
-122
-76
123
-108
76
-17
61
-125
120
108
-40
-57
127
60
-33
-12
19
127
-47
-55
-100
106
-84
-36
