21
-54
12
-31
-28
40
-11
-23
37
-56
6
-22
0
-63
-9
-26
-63
35
-36
26
-55
-19
52
-50
25
-50
-32
7
-172
-132
-25
-105
-80
39
-19
28
-34
58
-58
-42
14
-60
38
50
7
30
-61
12
-33
-39
-22
40
-53
27
-41
-12
22
-14
39
-42
-24
-40
19
25
-48
0
48
42
19
10
-18
30
-36
-194
-55
-16
23
-73
-27
-54
9
-19
-58
-22
-7
38
18
45
-80
-28
26
4
-5
25
8
28
4
-64
-41
6
5
1
-38
-5
57
-3
-89
-11
33
2
-44
29
52
-23
-12
-20
5
-50
24
10
-35
-28
34
-6
-70
49
51
-73
-49
-9
-5
31
13
-9
2
-65
4
50
29
-20
33
-154
5
-21
57
-9
-50
-45
36
-53
16
-40
16
-23
18
-2
-52
42
0
-74
13
13
-29
-31
-84
1
-69
-52
19
-143
-178
30
-258
-171
-53
35
0
-53
-15
-12
-34
8
17
-50
-43
21
37
-43
-56
2
1
-85
