24
-10
20
6
19
-16
-13
10
-8
10
20
-12
-24
-35
18
33
-41
6
28
-10
-11
16
31
-11
14
12
-39
18
7
-6
20
7
16
-22
10
-4
21
14
-10
14
22
27
15
-4
10
15
2
-30
7
-12
21
-31
-50
-7
-29
10
18
9
-24
21
31
-1
-35
16
29
30
-19
36
-9
14
-17
14
-8
8
-18
-37
32
-32
-39
-3
27
-21
18
6
27
-7
31
10
1
7
17
6
-15
23
-11
5
-26
-18
-30
21
-8
16
-12
-4
18
10
24
-2
-13
17
1
-3
14
-8
-1
13
15
39
-23
19
-10
5
0
29
31
18
-4
-9
16
-2
34
-46
-31
17
-41
20
-5
0
-24
-20
-6
-14
11
7
25
-33
9
31
28
16
20
-39
-19
-34
36
-3
22
19
-1
4
27
3
-4
1
-12
11
-15
42
-4
-34
2
32
-7
12
-5
25
12
1
-1
-14
16
20
31
10
-30
19
-16
-2
14
-15
22
8
21
25
-21
9
11
-19
-23
-41
27
27
-11
31
-2
27
-25
9
11
2
-16
-23
-27
1
-10
24
32
29
-18
-19
12
-18
28
5
6
-2
35
26
-24
22
38
-2
22
38
22
-21
4
4
-18
-26
-24
6
-29
28
36
2
10
-29
-40
-25
32
24
-10
2
-19
-33
-16
-37
-4
6
-4
11
2
18
11
25
12
19
16
-7
6
28
13
-34
-16
-9
-4
-2
-1
32
19
-10
-9
-13
-22
-22
-9
24
4
21
-37
12
-5
-58
-3
-14
-14
21
-41
-26
-14
2
17
18
-13
-27
17
-31
-41
21
-16
0
20
-20
0
-10
-40
20
-13
32
40
-4
12
9
24
-17
14
-34
0
-7
-32
5
-37
-2
-34
-14
19
15
-13
41
5
23
2
-10
19
-20
-17
-32
33
2
-24
-22
22
-14
-20
31
18
5
33
38
-11
4
10
41
16
7
29
14
12
26
27
-44
-22
2
-8
-4
32
-26
-21
22
4
4
-8
45
28
17
1
-17
-2
-13
-28
-44
-15
25
-6
9
-20
10
-3
-28
27
20
-3
-19
-37
20
8
-31
-28
-14
-3
-15
4
-13
5
-13
-2
33
21
-29
-13
37
-31
-8
6
1
15
16
-26
34
-7
19
4
15
-13
18
26
21
-14
18
-22
-48
-8
-45
6
-31
-23
-9
34
2
19
-39
-42
12
21
-14
2
-38
23
42
-24
-29
7
-10
16
-39
-32
21
24
-10
43
-13
6
-24
-15
-28
-26
1
-20
0
-10
-10
-29
13
20
10
-25
17
3
7
16
16
39
-27
-25
-22
0
1
51
-24
-36
14
-1
-23
-15
13
-38
-18
41
-4
-22
-6
43
-25
21
27
21
-3
-15
-32
-29
33
22
8
22
5
-28
-26
19
-10
-26
-19
17
-9
20
30
-3
5
-9
-24
-52
28
24
-18
38
-12
20
-9
-26
42
-9
-1
-25
12
23
-8
11
32
43
-10
-18
39
19
-3
-10
-27
7
-3
-18
-39
-4
30
10
-8
39
-52
-39
-3
-42
31
-23
17
-30
2
-1
11
23
-18
45
-18
33
-9
-29
-2
38
-14
-57
-23
-34
-27
18
-20
-23
-17
7
-20
-16
-22
-19
-29
22
7
30
26
-11
-9
27
13
-12
-9
-2
11
26
12
-21
24
31
-6
26
9
27
2
20
-23
-20
16
-6
-4
-20
3
-6
-27
20
4
24
-13
-4
15
22
12
23
26
-13
-7
-15
-20
4
6
33
23
27
-29
-1
12
-3
8
-22
4
15
4
57
5
-12
20
-53
30
-15
-39
-10
3
-22
43
32
20
-42
18
53
36
-36
-14
44
24
12
-31
-66
29
-31
-52
10
2
16
42
-16
-33
-25
-26
7
14
24
-6
6
-23
29
-18
-21
15
18
3
-11
1
24
18
-4
22
9
-21
-12
-1
-31
23
3
9
14
-15
-2
-22
-3
-5
-16
-8
9
41
-8
-36
-7
20
6
10
32
-6
-26
-35
28
-44
28
33
10
-5
-21
-12
-36
-19
40
12
54
19
25
12
-36
-35
15
25
10
29
-28
6
3
-7
-37
2
-1
-48
-1
-18
17
-26
-11
6
-8
4
27
-3
-12
-24
24
10
0
43
44
25
18
-28
-18
9
31
-6
21
18
8
0
-6
29
-12
12
7
-20
18
20
-4
-6
4
11
11
-12
-26
-13
-2
6
62
9
-36
33
-29
-21
15
4
34
29
-34
-31
-14
-14
26
-5
11
23
34
-12
-3
-51
-27
-30
23
-18
7
-30
-25
10
-16
25
26
-18
-23
-5
-14
-25
-43
-23
34
14
2
15
14
-3
22
-22
3
16
21
-37
0
-22
-9
7
-26
8
8
-31
16
-8
-27
30
53
-51
-7
1
-8
18
38
-29
-25
40
-16
3
10
-38
-23
-36
-20
16
12
12
-10
-38
-19
8
10
18
29
-35
-33
-17
49
3
26
-8
42
-28
-2
33
-21
12
-10
-39
-7
-23
-1
16
3
-22
-16
18
14
-25
-28
11
3
-26
-45
11
-2
31
33
-10
-33
-9
-11
-15
-41
31
34
-22
21
17
8
31
-5
12
2
-24
-36
36
-5
-32
19
26
19
-45
20
11
11
23
7
-24
42
-16
-13
9
23
-30
8
24
5
19
8
-30
-9
-15
14
9
0
-16
13
9
-24
-19
30
-10
-33
28
-23
6
20
-26
12
7
-45
8
39
-23
7
-12
18
-55
-15
22
20
21
-21
16
-9
-10
-29
30
1
19
-19
26
-8
2
-12
-13
-2
-3
24
12
3
12
-5
-38
14
-40
-22
32
37
6
7
-16
5
0
4
39
-15
-10
-33
28
-3
7
-17
1
28
11
36
-47
35
-35
-39
-12
-41
-28
-5
4
-6
-4
40
-18
-12
14
-21
5
10
-14
-34
32
9
-41
-23
8
14
-42
-10
24
28
12
-14
-41
-29
-36
6
1
-6
3
-9
-12
11
38
52
-8
-33
-3
19
3
3
11
6
19
14
-25
-17
-32
14
-13
-2
15
-8
-20
12
16
-25
5
2
-21
-6
11
-23
0
-28
5
32
20
-11
4
5
-28
2
22
14
-30
-3
26
-25
2
-32
6
-26
30
16
-14
-18
-18
7
-4
-5
-19
27
-21
-38
9
38
-31
-34
10
6
-18
-16
-35
9
9
-30
33
29
33
-34
17
6
11
3
-21
38
8
18
-19
23
-43
5
-32
4
6
11
33
15
16
26
14
8
-20
-33
-44
-13
35
-3
18
-27
-3
15
-6
-26
-9
34
-24
24
2
-23
5
26
-17
11
2
-22
-43
-16
12
2
-13
65
-25
-20
-5
-36
7
13
29
-20
3
3
39
25
-39
-35
-1
-4
-34
37
-31
-28
-32
0
-25
-27
16
20
-18
-13
31
17
-29
21
30
-35
5
24
-28
0
-20
16
-18
-39
28
-15
-23
31
14
0
25
20
11
-23
-22
18
7
-36
31
0
-53
-28
-16
-5
-21
21
1
19
-13
17
19
-23
-33
-28
5
-44
-12
-32
-26
15
27
-12
-6
-2
-30
32
-3
-20
30
-14
26
12
14
-2
24
40
17
-8
15
5
-18
-4
-5
-43
17
-12
-26
-9
-8
-17
-13
11
-19
-12
-18
4
-14
-14
22
-3
29
-31
26
7
35
21
-29
-2
29
-10
24
-37
-11
36
-39
30
-33
-10
-23
6
-39
9
-14
36
19
-39
-5
-6
-5
29
-9
-30
-22
8
1
-5
16
12
-23
-24
68
-18
-17
31
7
-9
28
19
3
2
0
18
15
25
-1
-3
23
-13
0
6
-23
10
34
-23
-6
16
27
-27
10
-20
-14
-2
9
22
-26
6
-31
40
-26
14
-23
28
-28
17
15
9
23
-6
-6
36
13
15
31
4
7
66
25
-6
26
10
-30
10
30
-17
36
44
-20
-20
28
0
6
-3
32
13
-22
17
9
-4
13
5
-10
22
-15
-4
-19
-7
-5
20
1
11
-35
-6
5
27
-12
38
3
-58
8
-1
4
-23
-13
-37
-22
-28
-38
18
-24
-25
46
-12
4
-17
11
44
-30
-45
45
15
-2
-11
-23
-16
38
-4
-31
-30
25
4
10
22
28
-42
8
15
31
-2
-17
38
48
-27
-26
-49
19
3
-50
25
-19
4
-33
54
-50
14
-21
-2
-4
27
25
43
-17
13
42
-15
-31
10
-6
33
16
-44
30
-5
-43
19
-1
0
-23
4
20
-34
-22
15
17
28
7
18
26
8
32
19
-29
13
-19
-25
17
21
11
5
5
-27
-26
-14
2
26
-8
3
31
-24
23
2
-8
-20
11
30
15
8
-23
-11
22
9
30
24
-23
6
-17
-38
16
-36
21
19
-34
-29
20
-10
-5
-22
-4
21
-1
-3
32
-15
16
-9
-23
22
-36
18
-15
-13
12
33
7
32
-45
-30
28
-20
-39
-9
31
9
7
13
-30
16
-3
45
4
-29
-11
-25
11
-1
2
-8
26
-15
-39
8
16
5
-1
-21
-22
19
17
-15
21
-11
18
15
-15
20
23
12
6
2
-28
27
18
-34
-14
18
29
27
25
15
8
-26
9
9
-21
-32
25
-20
20
37
-5
12
16
-19
-50
-26
32
-29
40
-6
35
12
39
-17
-38
-16
43
-20
2
31
-22
-7
8
8
-4
-19
16
45
12
-20
-15
-44
-55
5
18
16
-5
38
-24
6
-5
31
-11
13
-16
-29
-31
-25
-21
4
9
30
7
-16
-32
32
13
19
23
22
22
28
1
5
-4
40
-12
-34
-28
-7
21
5
0
20
-29
17
-22
0
-9
-31
11
17
36
-2
-17
4
-14
40
8
-24
-7
12
-4
-13
5
-13
-33
16
7
1
-24
21
23
-6
26
-2
-6
-25
-18
-17
-39
20
0
-14
-14
32
32
-15
-13
7
17
-10
-8
-26
-19
13
33
37
-14
28
19
9
-30
11
7
-27
39
0
15
2
-29
10
-4
-23
31
-34
-16
25
16
-18
-32
10
16
22
28
-24
-29
3
38
-17
-5
27
-17
10
37
0
-14
43
-35
35
-38
-17
39
1
-1
-5
-22
-26
25
-15
17
-13
1
2
-6
13
-15
13
28
34
-6
33
-7
-20
20
-27
7
-5
-4
-12
46
-49
5
15
-6
1
-4
-8
-13
14
4
-21
-11
5
6
-20
27
28
-5
3
9
-35
0
20
28
0
21
0
0
-41
-28
3
-10
-23
7
17
-41
-17
-20
-5
-32
-32
5
-39
-23
-18
-18
-12
5
18
62
20
6
13
35
41
29
10
-1
35
1
25
14
44
35
-9
-5
4
12
-11
10
-13
14
15
17
-44
8
29
-6
4
38
-27
-13
24
-18
-21
-8
-36
-10
15
-39
-39
22
-12
-43
-30
31
-6
21
-28
32
28
-6
-33
36
-5
-13
38
-24
-19
-34
33
-39
45
15
-48
7
-18
7
15
-48
26
1
7
20
-20
18
