-1502
1233
-3627
3064
-1281
150
670
-441
-2385
-21
1783
-1444
-1098
732
-1086
-734
-325
-2233
1328
1942
-718
-2512
-2555
-2929
-526
-411
-2559
2160
-870
-1296
201
-1108
-2259
-831
-226
-773
-2187
-3254
-2293
-1062
-498
-1090
1204
-439
-1935
-349
-1288
751
-1493
362
-1521
-2850
-156
-2299
2223
692
1425
193
-1458
-1473
-646
-1055
-389
192
260
-412
735
2325
3373
-2519
-922
-2433
1467
-2443
-868
-2565
-165
-2594
-1418
1162
-291
-22
774
-786
-1439
1109
471
-1220
-1146
1216
1866
-2212
524
891
734
1035
-1840
-489
1174
-242
-152
-375
87
-1919
-878
2123
-2470
826
343
-1130
1131
860
-1205
-776
-1908
-369
-1618
-1052
-1300
-603
2784
-2123
1109
-2896
-877
3970
-1623
-1187
